149.0,185.25296590959846
148.9354276832499,185.0
148.66513769579544,184.0
148.36875600169301,183.0
148.04732041300454,182.0
148.0,181.8554144368127
147.74181820740017,181.0
147.4210408295044,180.0
147.08216042770172,179.0
147.0,178.75638391513488
146.76240070869352,178.0
146.44198289696055,177.0
146.11613451782702,176.0
146.0,175.63218455337145
145.8142275076695,175.0
145.52859009459615,174.0
145.25043293425188,173.0
145.0,172.05949313860512
144.9854327503552,172.0
144.76061262596963,171.0
144.54941185715472,170.0
144.3526886312527,169.0
144.17044830027086,168.0
144.00207244886624,167.0
144.0,166.9865111488524
143.86468275811544,166.0
143.7379076303873,165.0
143.62024708055617,164.0
143.51034846813585,163.0
143.40678012698643,162.0
143.30803554056857,161.0
143.21254137151772,160.0
143.11867726626616,159.0
143.02480723755434,158.0
143.0,157.7390006846175
142.93884781194544,157.0
142.8535403964568,156.0
142.7642195275138,155.0
142.66965013937585,154.0
142.5687218525474,153.0
142.46047207127768,152.0
142.3441085773585,151.0
142.21903273086787,150.0
142.08486361491214,149.0
142.0,148.40310119131354
141.949511871021,148.0
141.81742803089077,147.0
141.6769516218177,146.0
141.52859074605027,145.0
141.37316938756877,144.0
141.21183268409777,143.0
141.0460341727798,142.0
141.0,141.72157081774452
140.8929545030853,141.0
140.74408989965158,140.0
140.59545017663243,139.0
140.44910963127262,138.0
140.30715228241237,137.0
140.17158293458087,136.0
140.04425518287908,135.0
140.0,134.61974670470335
139.9354666525485,134.0
139.84172892581165,133.0
139.75894545496024,132.0
139.68803413702904,131.0
139.6296186449468,130.0
139.58400058491063,129.0
139.5511370743069,128.0
139.5306370346373,127.0
139.5217860529003,126.0
139.52360088633213,125.0
139.5349053391496,124.0
139.5544137465336,123.0
139.58080839239966,122.0
139.61280165216672,121.0
139.6491797339672,120.0
139.68882999848674,119.0
139.73075658630603,118.0
139.77408942273527,117.0
139.81809034794,116.0
139.8621581090929,115.0
139.90583212992803,114.0
139.94879384085715,113.0
139.99086399427225,112.0
140.0,111.78067970836858
140.03787254874555,111.0
140.08570618423448,110.0
140.13288765022978,109.0
140.17968690912645,108.0
140.2264339354422,107.0
140.27348298825905,106.0
140.32117641563957,105.0
140.36981102494164,104.0
140.4196090277878,103.0
140.47069602614874,102.0
140.52308943850142,101.0
140.57669780172208,100.0
140.6313288462774,99.0
140.6867074619023,98.0
140.74250427421273,97.0
140.79836834661634,96.0
140.85395896658164,95.0
140.90897896151773,94.0
140.96320612629137,93.0
141.0,92.31257965300689
141.019817661278,92.0
141.0826906104887,91.0
141.14450718802613,90.0
141.20537151614943,89.0
141.26542995818852,88.0
141.32480047496477,87.0
141.38349061661953,86.0
141.44131526543433,85.0
141.49782718603828,84.0
141.55228477110373,83.0
141.6036817671273,82.0
141.6508452736751,81.0
141.69258548278407,80.0
141.72786483691513,79.0
141.7559479459135,78.0
141.77649915822113,77.0
141.78961097009682,76.0
141.79576523420258,75.0
141.79574264984706,74.0
141.79050268481586,73.0
141.78105772638781,72.0
141.7683632746786,71.0
141.7532404735698,70.0
141.7363379614129,69.0
141.7181291289622,68.0
141.6989340829381,67.0
141.67895526687084,66.0
141.65831705082078,65.0
141.63710080353616,64.0
141.61537158172487,63.0
141.59319739936558,62.0
141.57066146198042,61.0
141.5478672852196,60.0
141.5249398841441,59.0
141.50202559768826,58.0
141.4792896674525,57.0
141.4569126474225,56.0
141.4350881911474,55.0
141.4140208236788,54.0
141.39392253838224,53.0
141.3750104212002,52.0
141.35750451080247,51.0
141.34162324345445,50.0
141.32757801677187,49.0
141.31556741418436,48.0
141.3057679981128,47.0
141.29832223996982,46.0
141.2933257538955,45.0
141.29081175362393,44.0
141.29073251215883,43.0
141.2929413240114,42.0
141.29717519229212,41.0
141.30303790316242,40.0
141.30998703122305,39.0
141.3173267948622,38.0
141.3242061855002,37.0
141.32962349963378,36.0
141.3324375040069,35.0
141.33138258196408,34.0
141.3250848301082,33.0
141.31207539058434,32.0
141.29079579675187,31.0
141.2595896490719,30.0
141.21667445337042,29.0
141.16008641933607,28.0
141.08758974861394,27.0
141.0,26.038045273954967
140.99727935830686,26.0
140.90893079999316,25.0
140.80103742710736,24.0
140.66957454305154,23.0
140.5090347312259,22.0
140.31163957457846,21.0
140.06598047043042,20.0
140.0,19.77936787643599
139.81912386627394,19.0
139.52308701378442,18.0
139.12858164749835,17.0
139.0,16.74132831923857
138.70350466813977,16.0
138.12394067783717,15.0
138.0,14.83241966125145
137.42636436102387,14.0
137.0,13.55028575458559
136.41246733257074,13.0
136.0,12.675213841251987
135.0,12.105705436535892
134.67902897614746,12.0
134.0,11.728282706235273
133.0,11.543102986962822
132.0,11.554888225125858
131.0,11.765166484550502
130.43058630582067,12.0
130.0,12.15124421603484
129.0,12.747533957790683
128.67398410714196,13.0
128.0,13.617507449698358
127.62394776917097,14.0
127.0,14.842907943626612
126.87588065000988,15.0
126.24113866858048,16.0
126.0,16.513569932037353
125.72279913600131,17.0
125.26305928718719,18.0
125.0,18.708739895936546
124.86712390864014,19.0
124.47013152759371,20.0
124.13658494329032,21.0
124.0,21.463593679918137
123.80732888947665,22.0
123.48745866410424,23.0
123.20859188017407,24.0
123.0,24.850288517346964
122.95565245433332,25.0
122.68544957373176,26.0
122.4491236616351,27.0
122.24315956643483,28.0
122.0644023617952,29.0
122.0,29.41006822680835
121.88681954025657,30.0
121.71925592300657,31.0
121.57505051719798,32.0
121.4513589079374,33.0
121.3455023859457,34.0
121.25498232033547,35.0
121.17749055534038,36.0
121.11091335052966,37.0
121.0533299009749,38.0
121.00300856400378,39.0
121.0,39.06771173915278
120.94893997111188,40.0
120.89960286853403,41.0
120.8541800413517,42.0
120.81136541358126,43.0
120.77003683382779,44.0
120.72923686353889,45.0
120.68815154198106,46.0
120.64608664454865,47.0
120.60244206445827,48.0
120.5566871855879,49.0
120.50833748025784,50.0
120.45693175042129,51.0
120.40201202407745,52.0
120.34310683961851,53.0
120.27971691115344,54.0
120.21130439267078,55.0
120.13728716658596,56.0
120.05703801561467,57.0
120.0,57.65384023324688
119.96384043613838,58.0
119.85008699425268,59.0
119.7264149991354,60.0
119.59202427627137,61.0
119.44619904171586,62.0
119.28837486315129,63.0
119.11821619924476,64.0
119.0,64.64373282603081
118.92365746425344,65.0
118.69218956119342,66.0
118.44605347469802,67.0
118.18548826395828,68.0
118.0,68.66747814110538
117.89288250088764,69.0
117.54152768705235,70.0
117.15618607440916,71.0
117.0,71.35009985612385
116.6522539395399,72.0
116.0,72.94820223032488
115.95466288682132,73.0
115.0,73.68967127289811
114.40962452260258,74.0
114.0,74.113300525463
113.0,74.30388462338743
112.0,74.24510063119754
111.0,74.18294701316151
110.0,74.16407542454158
109.11931221852649,74.0
109.0,73.96796678606368
108.0,73.68132866310651
107.0,73.444056876029
106.0,73.11275415121465
105.39100529015873,73.0
105.0,72.85416274644686
104.0,72.39646028273017
103.0,72.07943229535876
102.72364172367244,72.0
102.0,71.63344674118225
101.0,71.1948911749664
100.38584941824833,71.0
100.0,70.79666768235725
99.0,70.2829834268993
98.17581735660954,70.0
98.0,69.90470298759509
97.0,69.35091565250318
96.0161027785718,69.0
96.0,68.9912198279981
95.0,68.42034670578248
94.0,68.04442325462503
93.87732217140304,68.0
93.0,67.51903805673425
92.0,67.11852616561524
91.63332713973799,67.0
91.0,66.67389894574907
90.0,66.23609727309918
89.19960087799792,66.0
89.0,65.90364068712192
88.0,65.41983389803447
87.0,65.06102982529757
86.65345223759172,65.0
86.0,64.70115180748027
85.0,64.17503487537157
84.0,64.02220169530821
83.94362819622674,64.0
83.0,63.40047446537069
82.0,63.06812616181386
81.27619995312864,63.0
81.0,62.897041701331155
80.0,62.15121270838281
79.0,62.00991447456346
78.84064052359331,62.0
78.0,61.720738271169225
77.0,61.01531706726403
76.81422141556942,61.0
76.0,60.75514210744605
75.0,60.6022869237662
74.34053852403612,60.0
74.0,59.76538806599608
73.0,59.481447568920366
72.0,59.52151724136081
71.44877809848339,59.0
71.0,58.68695849122345
70.0,58.35041323789205
69.0,58.48711105280855
68.16900955860528,58.0
68.0,57.89944889095115
67.0,57.44432490058144
66.0,57.596392058610206
65.0,57.26856834580285
64.08251099622453,57.0
64.0,56.96468701303994
63.18402077504477,57.0
63.0,57.003172420861894
62.68343843979986,57.0
62.0,56.97822461213296
61.0,56.480933320439064
60.0,56.38061087823542
59.0,56.519221923693124
58.0,56.290290783460996
57.0,56.062719749797296
56.491169002544446,56.0
56.0,55.86440526354167
55.0,55.53035123190756
54.0,55.17524527807798
53.3839823677449,55.0
53.0,54.85492186046636
52.0,54.552818834213035
51.0,54.326838423999305
50.0,54.12451981471778
49.50700806065854,54.0
49.0,53.81947345082796
48.0,53.306831803998335
47.295069815900675,53.0
47.0,52.83743307071306
46.0,52.277373627840575
45.768872939692244,52.0
45.0,51.300707254517604
44.531220947952725,51.0
44.0,50.62067526767725
43.0,50.1605002363875
42.867625445182064,50.0
42.0257512271488,49.0
42.0,48.97473993060812
41.0,48.117701211579146
40.59560078521617,48.0
40.0,47.549496899026046
39.573519700808326,47.0
39.0,46.34246282564892
38.68293005185221,46.0
38.0,45.326629742491306
37.530809304745574,45.0
37.0,44.405331575208024
36.692980216957054,44.0
36.0,43.109643202075446
35.90868008847385,43.0
35.224404566728495,42.0
35.0,41.62457881376224
34.653174603900055,41.0
34.14194137269518,40.0
34.0,39.69766773435238
33.70730167252764,39.0
33.289988276227646,38.0
33.0,37.32490639710203
32.87631817907415,37.0
32.480796229619145,36.0
32.04246746526802,35.0
32.0,34.90531837017157
31.632507078537312,34.0
31.18793852552431,33.0
31.0,32.59064299222314
30.754457010727638,32.0
30.322882623159614,31.0
30.0,30.27755765203645
29.88953254297661,30.0
29.492289176516323,29.0
29.077212695923706,28.0
29.0,27.813309949596015
28.707667267659858,27.0
28.33389835045287,26.0
28.0,25.14532921114005
27.951452441613757,25.0
27.61368774834993,24.0
27.254425569990573,23.0
27.0,22.318996221656487
26.89887462889685,22.0
26.575908485630976,21.0
26.237512675499847,20.0
26.0,19.30727437050532
25.911963652229357,19.0
25.632480489295915,18.0
25.359610911262433,17.0
25.10483750409281,16.0
25.0,15.53534962424991
24.907063304369327,15.0
24.76529519609773,14.0
24.651860348535564,13.0
24.539072237380257,12.0
24.37230931128266,11.0
24.068017568259847,10.0
24.0,9.86155111734996
23.69274469256421,9.0
23.0,8.03810610794085
22.973859812237134,8.0
22.0,7.085003605382314
21.856277166045572,7.0
21.0,6.486202383582503
20.0,6.208163427237545
19.0,6.149380959394595
18.0,6.266048159911222
17.0,6.601035962148527
16.284603973455148,7.0
16.0,7.159561097688442
15.0,7.901558382064317
14.87776333410298,8.0
14.0,8.790160491496241
13.777453209767799,9.0
13.0,9.819814958009866
12.833471147908213,10.0
12.035966521940278,11.0
12.0,11.054063238915358
11.339496958341298,12.0
11.0,12.6780770346399
10.81701887113228,13.0
10.369989370184626,14.0
10.063008973808362,15.0
10.0,15.2847051967262
9.792317266667059,16.0
9.591317918582304,17.0
9.46261714584796,18.0
9.389787663198195,19.0
9.361273190659764,20.0
9.368878838255473,21.0
9.406370862522033,22.0
9.46851647530395,23.0
9.550638564348546,24.0
9.648435948297958,25.0
9.757841810508694,26.0
9.874879362884245,27.0
9.995512964528785,28.0
10.0,28.03917528495045
10.09403491639619,29.0
10.188912875218936,30.0
10.276672552457212,31.0
10.352567610698696,32.0
10.411633695161477,33.0
10.449051772335407,34.0
10.460636721462718,35.0
10.443339195267678,36.0
10.395609323581867,37.0
10.31751890423358,38.0
10.210650400008042,39.0
10.0778549787929,40.0
10.0,40.49606670303598
9.909284577904952,41.0
9.705432499685502,42.0
9.485498916097573,43.0
9.25557428478785,44.0
9.022029326308537,45.0
9.0,45.09044849473464
8.750453061049638,46.0
8.480153063748991,47.0
8.220472561632787,48.0
8.0,48.89470427848174
7.97064482315902,49.0
7.694845687877073,50.0
7.438368663864793,51.0
7.202679324916308,52.0
7.0,52.942660452578885
6.985799809278596,53.0
6.749090619633312,54.0
6.534490359815524,55.0
6.3412227023487535,56.0
6.168193973237368,57.0
6.014097993412148,58.0
6.0,58.100209768062484
5.849766661932185,59.0
5.7010958708890955,60.0
5.569909407740764,61.0
5.454930146380549,62.0
5.354944845920591,63.0
5.268838024413811,64.0
5.1956102307429335,65.0
5.134374984854322,66.0
5.084356002133273,67.0
5.044891332494657,68.0
5.01543067401619,69.0
5.0,69.77560858603847
4.994580029903572,70.0
4.981634398648829,71.0
4.979511972346784,72.0
4.987944014631072,73.0
5.0,73.64358222723938
5.005602789284769,74.0
5.02980766570601,75.0
5.062643336633034,76.0
5.104202978018671,77.0
5.154638504172876,78.0
5.214154839422853,79.0
5.283005866369559,80.0
5.3614897508716695,81.0
5.449940927534163,82.0
5.548719054023621,83.0
5.658195216510508,84.0
5.778733876249653,85.0
5.910669235421876,86.0
6.0,86.62921305233768
6.046269762071038,87.0
6.179505602749964,88.0
6.324028688578461,89.0
6.479857886214957,90.0
6.64680427655019,91.0
6.824417477004358,92.0
7.0,92.93859448767894
7.010315877523152,93.0
7.180847477027185,94.0
7.359178991162485,95.0
7.54356789047894,96.0
7.731792813664157,97.0
7.921147169183115,98.0
8.0,98.42953661245078
8.0954270337543,99.0
8.256261079710068,100.0
8.409734520793158,101.0
8.551955672857678,102.0
8.678987209395467,103.0
8.787042871289728,104.0
8.87270267708067,105.0
8.933133201727877,106.0
8.966295478844222,107.0
8.971118162840797,108.0
8.947610171422607,109.0
8.896888874712172,110.0
8.821109651173954,111.0
8.723299368499589,112.0
8.60711516505156,113.0
8.476564177468815,114.0
8.335724700894762,115.0
8.188503874110307,116.0
8.038454483419203,117.0
8.0,117.24893359894693
7.871007695090853,118.0
7.699156439393373,119.0
7.531137672359263,120.0
7.368807399024136,121.0
7.213552910609449,122.0
7.066349653400801,123.0
7.0,123.4694221461528
6.914934698065425,124.0
6.7611970228203,125.0
6.616900408336004,126.0
6.482113628310711,127.0
6.356744586673941,128.0
6.240580487341629,129.0
6.133320749190332,130.0
6.034603165676125,131.0
6.0,131.37580692951366
5.932902850852027,132.0
5.833005364112129,133.0
5.741233167818493,134.0
5.657164267509252,135.0
5.580370705440012,136.0
5.510425273593229,137.0
5.446903006421614,138.0
5.389379305899576,139.0
5.337432782503141,140.0
5.290650632463402,141.0
5.248626683119405,142.0
5.210956457912222,143.0
5.177241151720179,144.0
5.14709437337608,145.0
5.120139404302205,146.0
5.09600520889527,147.0
5.074332635582519,148.0
5.054780826535415,149.0
5.0370242982760605,150.0
5.020751730822339,151.0
5.005673124082631,152.0
5.0,152.4004535866564
4.989698931742334,153.0
4.973335484095527,154.0
4.95753998005801,155.0
4.942084340899458,156.0
4.926776873518664,157.0
4.911458292173643,158.0
4.896004283238991,159.0
4.880330545366183,160.0
4.864389935822403,161.0
4.848168679803552,162.0
4.8316895766485795,163.0
4.815013299164812,164.0
4.798232657966768,165.0
4.7814693094370915,166.0
4.7648748466113355,167.0
4.7486267119622525,168.0
4.732918762678108,169.0
4.7179539798704555,170.0
4.703937006628891,171.0
4.691059919429371,172.0
4.67948343320847,173.0
4.669317767074883,174.0
4.6606012793046405,175.0
4.6532756047920065,176.0
4.647161419395963,177.0
4.6419396087391425,178.0
4.6371414293365,179.0
4.632152906501435,180.0
4.626240069133401,181.0
4.618599816691496,182.0
4.608437033170845,183.0
4.5950622747715135,184.0
4.5779961139988306,185.0
4.557058506281484,186.0
4.53241851701371,187.0
4.504585006821583,188.0
4.4743329220599675,189.0
4.4425785267006015,190.0
4.4102327570940005,191.0
4.37806787568405,192.0
4.34662626945598,193.0
4.3161851243168075,194.0
4.286773876384727,195.0
4.2582290740252535,196.0
4.230266336008193,197.0
4.202550682328111,198.0
4.174752058831157,199.0
4.146579851670195,200.0
4.117796721005787,201.0
4.088216560980289,202.0
4.0576929222821345,203.0
4.02610360003453,204.0
4.0,204.79609137311104
3.992251678283556,205.0
3.9526443592779015,206.0
3.9113888856288885,207.0
3.8683409272963827,208.0
3.823346183168005,209.0
3.776245265706866,210.0
3.726881324626057,211.0
3.6751091610090545,212.0
3.620804821298446,213.0
3.5638748093836274,214.0
3.504263943553354,215.0
3.4419609459167946,216.0
3.377001171024056,217.0
3.309466101858724,218.0
3.2394793100354335,219.0
3.167198712533802,220.0
3.0928052133568813,221.0
3.0164882309536716,222.0
3.0,222.20920660371883
2.92934909986204,223.0
2.8378699067685975,224.0
2.744572799255944,225.0
2.6495117901887317,226.0
2.552711149944809,227.0
2.4541990770745112,228.0
2.3540583076897956,229.0
2.252485197560095,230.0
2.1498433527256826,231.0
2.0466960950983357,232.0
2.0,232.44763848307173
1.9350733661523396,233.0
1.816933233040019,234.0
1.7004412115778622,235.0
1.5867382565470338,236.0
1.476949343444478,237.0
1.3721051463261122,238.0
1.2730812019078428,239.0
1.1805604664674167,240.0
1.0950190260719996,241.0
1.0167309689573876,242.0
1.0,242.23219048351882
0.9360113756038351,243.0
0.8605508021822958,244.0
0.7932162600337194,245.0
0.7337775286139877,246.0
0.6819020246194809,247.0
0.637181555629804,248.0
0.5991559517241202,249.0
0.5673331033514736,250.0
0.5412058822869107,251.0
0.5202661867050389,252.0
0.5040161420055412,253.0
0.4919770309645013,254.0
0.4836965116796293,255.0
0.4787541421660442,256.0
0.4767654288771019,257.0
0.47738490440846837,258.0
0.4803083078551238,259.0
0.48527387144915063,260.0
0.49206312547466047,261.0
0.500501391396837,262.0
0.510457848392697,263.0
0.5218454470304119,264.0
0.5346209099247868,265.0
0.5487846214896472,266.0
0.564380471515685,267.0
0.5814958970332668,268.0
0.6002618818627304,269.0
0.6208527583802513,270.0
0.6434860573385034,271.0
0.6684222562411279,272.0
0.6959641412463985,273.0
0.7264560720494603,274.0
0.7602832918516021,275.0
0.7978710655612614,276.0
0.8396840742427313,277.0
0.8862267960976112,278.0
0.9380451027122289,279.0
0.9957297368876494,280.0
1.0,280.06689304139036
1.050395592475255,281.0
1.110547873863062,282.0
1.1775578484762133,283.0
1.2522016049679257,284.0
1.335367493879383,285.0
1.4280902282075751,286.0
1.5315935295131347,287.0
1.6473411378679463,288.0
1.7770936256707905,289.0
1.9229642656428665,290.0
2.0,290.4734474562516
2.0732825477680086,291.0
2.2294883147306,292.0
2.4071400648035697,293.0
2.60963156940136,294.0
2.840664332413776,295.0
3.0,295.6144444878338
3.086920883360481,296.0
3.3384191613580643,297.0
3.6254375066135185,298.0
3.9510932645719405,299.0
4.0,299.14000031311303
4.266501141246621,300.0
4.613122354749198,301.0
5.0,301.9971774044696
5.000970705033639,302.0
5.3615338771189744,303.0
5.764164555922323,304.0
6.0,304.54246744483777
6.175705482480265,305.0
6.59098154893037,306.0
7.0,306.88280764646134
7.047683437399118,307.0
7.478752188142316,308.0
7.969672466649763,309.0
8.0,309.0593804223583
8.426180624548262,310.0
8.941380971435171,311.0
9.0,311.10984914768153
9.421172707224311,312.0
9.953615438662785,313.0
10.0,313.08511044624373
10.439848030283983,314.0
10.978356637085138,315.0
11.0,315.03977725319504
11.455796113483533,316.0
11.987574122461037,317.0
12.0,317.02304654113067
12.454815836509244,318.0
12.985632347291716,319.0
13.0,319.02648947891726
13.454179914176429,320.0
13.995726695040393,321.0
14.0,321.00760471184776
14.482685027096926,322.0
15.0,322.8965256161191
15.051721487601778,323.0
15.59370042492726,324.0
16.0,324.6433352458895
16.19974978605864,325.0
16.84147988196724,326.0
17.0,326.22493207474076
17.50132070727796,327.0
18.0,327.6671642584867
18.231403970549316,328.0
19.0,328.9845902588287
19.01109766869768,329.0
19.745305676750526,330.0
20.0,330.32492775227706
20.460842489892784,331.0
21.0,331.7240375722111
21.166958731132983,332.0
21.8466311230137,333.0
22.0,333.20943507954405
22.474998374383482,334.0
23.0,334.7429470765138
23.139927400866764,335.0
23.814825093713125,336.0
24.0,336.2520494593423
24.450997449270805,337.0
25.0,337.7833770083098
25.11378788160234,338.0
25.801268148434627,339.0
26.0,339.2716067444194
26.427025431996814,340.0
27.0,340.8253117854481
27.092613519910834,341.0
27.776517369008747,342.0
28.0,342.31005121083314
28.387602216094017,343.0
29.0,343.8604082387934
29.082861320379756,344.0
29.7671797336716,345.0
30.0,345.3217927006151
30.386448313813194,346.0
31.0,346.81879452217305
31.123194231518553,347.0
31.8244456576914,348.0
32.0,348.2355516271755
32.480955963501955,349.0
33.0,349.66969214710457
33.22737531104369,350.0
33.978654486163684,351.0
34.0,351.0277382805765
34.67019135567308,352.0
35.0,352.425308905011
35.37608479476345,353.0
36.0,353.8003484772813
36.13982675408855,354.0
36.892536392559826,355.0
37.0,355.1387248849852
37.579009716796506,356.0
38.0,356.5346772148712
38.32206433756031,357.0
39.0,357.872991465213
39.08330604835236,358.0
39.826741444377795,359.0
40.0,359.2218669390359
40.517447767752614,360.0
41.0,360.6102191183249
41.278415825687425,361.0
42.0,361.9236711896739
42.047525048493185,362.0
42.76576706637356,363.0
43.0,363.2969185092924
43.47821773900603,364.0
44.0,364.67010431227516
44.222782144806175,365.0
45.0,365.97282193783286
45.01829451537327,366.0
45.68501332795025,367.0
46.0,367.4000228892376
46.42844383472457,368.0
47.0,368.737703979217
47.16184465218486,369.0
47.93638176534733,370.0
48.0,370.0810496890518
48.627246462768895,371.0
49.0,371.4794574376703
49.352191502552145,372.0
50.0,372.8102401165563
50.13034599615187,373.0
50.86688041942902,374.0
51.0,374.1680681788542
51.59904403298091,375.0
52.0,375.5106326537424
52.31766926356564,376.0
53.0,376.8495644554872
53.11255046036845,377.0
53.85176093272745,378.0
54.0,378.189529629236
54.55952768461041,379.0
55.0,379.5558221593834
55.30022807911392,380.0
56.0,380.9069538587598
56.06131214042115,381.0
56.79087971725026,382.0
57.0,382.2742159207918
57.45398463583146,383.0
58.0,383.7041381187279
58.20833824387297,384.0
58.94757874458604,385.0
59.0,385.0696762910635
59.604943188883944,386.0
60.0,386.5167010989274
60.31130125334884,387.0
61.0,387.91186661794103
61.056507792857744,388.0
61.76275038093436,389.0
62.0,389.3096014020129
62.443783217429385,390.0
63.0,390.70025184352085
63.21562191631105,391.0
64.0,391.99248078711753
64.00475237347993,392.0
64.74915477918368,393.0
65.0,393.3021764421285
65.50328778023625,394.0
66.0,394.58979007651106
66.32716952401678,395.0
67.0,395.7674104972488
67.17552643822425,396.0
68.0,396.97245506110534
68.02128509958871,397.0
68.9217876027645,398.0
69.0,398.088596887338
69.67293485840372,399.0
70.0,399.3701002313745
70.5689247553885,400.0
71.0,400.4630219469467
71.44188560083376,401.0
72.0,401.64450848239596
72.26912639840893,402.0
73.0,402.7404096498187
73.31724968946708,403.0
74.0,403.7337158333908
74.16720508315349,404.0
75.0,404.86218171111403
75.20170468522068,405.0
76.0,405.66325325156333
76.46999631735531,406.0
77.0,406.58594576184385
77.23193605667879,407.0
78.0,407.81386054406266
78.28110227804048,408.0
79.0,408.6337478929867
79.4949121349512,409.0
80.0,409.7467487367934
80.09267814608093,410.0
80.55961261996207,411.0
81.0,411.59282272958063
81.29667484284839,412.0
82.0,412.7112414821207
82.4014639657496,413.0
83.0,413.5054770315932
83.63456851710784,414.0
84.0,414.3411524420341
84.590954260123,415.0
85.0,415.4021349092737
85.64934694183275,416.0
86.0,416.33658769740447
86.6461485808927,417.0
87.0,417.34932555590495
87.67360258003967,418.0
88.0,418.30159985037426
88.8327367160316,419.0
89.0,419.150131272339
89.99661073871619,420.0
90.0,420.002923465305
91.0,420.8353054429925
91.21475459001303,421.0
92.0,421.65675868135537
92.48245346809715,422.0
93.0,422.40713020398636
93.8794068229483,423.0
94.0,423.0925118053423
95.0,423.83504583570385
95.28744771064272,424.0
96.0,424.51085236779505
96.79187424287213,425.0
97.0,425.1471292155149
98.0,425.79300356218283
98.3944561018036,426.0
99.0,426.4058063626675
100.0,426.96632471595666
100.07465443821764,427.0
101.0,427.57859986484465
101.8057850821411,428.0
102.0,428.1238133106117
103.0,428.7231676076355
103.63063985254537,429.0
104.0,429.22363789974656
105.0,429.81502013731927
105.42151844665295,430.0
106.0,430.34276031765904
107.0,430.85303202785144
107.27185689707687,431.0
108.0,431.4621507349181
109.0,431.9204585767926
109.18477157985728,432.0
110.0,432.499019980231
111.0,432.9968490911149
111.00845077553285,433.0
112.0,433.5672973690242
112.89930101998699,434.0
113.0,434.06159806234274
114.0,434.67035247992357
114.80714920391777,435.0
115.0,435.111477041301
116.0,435.70214839160116
116.67094663128843,436.0
117.0,436.1907860051883
118.0,436.70620074748547
118.6458463043182,437.0
119.0,437.20382555488044
120.0,437.7071007575128
120.74886352084877,438.0
121.0,438.1337987837578
122.0,438.6409431057752
123.0,438.9934297024954
123.01950400444275,439.0
124.0,439.46804054320586
125.0,439.83082585345574
125.61262152283065,440.0
126.0,440.1553656557484
127.0,440.5099045386175
128.0,440.76936888126795
129.0,440.9562602835787
129.30969160480834,441.0
130.0,441.1533415756032
131.0,441.301815965306
132.0,441.38032473629323
133.0,441.38596026177714
134.0,441.31208473151275
135.0,441.14422067233915
135.52362624273326,441.0
136.0,440.9135322488779
137.0,440.62572542207363
138.0,440.1528371143983
138.255993524295,440.0
139.0,439.615951541782
139.81769524242614,439.0
140.0,438.8655871677745
140.93451447298258,438.0
141.0,437.9316245178695
141.83067595796516,437.0
142.0,436.7550942615318
142.55812133569924,436.0
143.0,435.155257518227
143.0952446358241,435.0
143.6168970638988,434.0
143.96395988843818,433.0
144.0,432.86762329578005
144.3383865794369,432.0
144.6289505952911,431.0
144.84256069472562,430.0
144.99446601803325,429.0
145.0,428.95701970703635
145.19894810784393,428.0
145.36144679414295,427.0
145.4856779686518,426.0
145.59682105808048,425.0
145.67619268966712,424.0
145.73842661595623,423.0
145.80474356027855,422.0
145.8413316752649,421.0
145.8749000237269,420.0
145.91710361514103,419.0
145.93215715109898,418.0
145.95132193448453,417.0
145.97918488273166,416.0
145.98418778192834,415.0
145.9951294236413,414.0
146.0,413.76896878625877
146.02950854333366,413.0
146.02878035124672,412.0
146.03937791688733,411.0
146.07339215178845,410.0
146.0661738264278,409.0
146.06976383588284,408.0
146.10165679431023,407.0
146.09194495982584,406.0
146.09072156861026,405.0
146.12179219555236,404.0
146.11207966956314,403.0
146.10754282265958,402.0
146.13840456820094,401.0
146.1302241694264,400.0
146.12349907929664,399.0
146.15441198256585,398.0
146.14860805215207,397.0
146.14043801848013,396.0
146.17141604379688,395.0
146.16844461747795,394.0
146.15937149536333,393.0
146.19026871053177,392.0
146.19027887027755,391.0
146.1806852067725,390.0
146.21133273391166,389.0
146.21439857466757,388.0
146.20466245454756,387.0
146.2349271061519,386.0
146.24108290545956,385.0
146.2315634175912,384.0
146.261293115587,383.0
146.2705099049783,382.0
146.26158267602804,381.0
146.2906553286607,380.0
146.30284382910114,379.0
146.29488820693788,378.0
146.32327014285937,377.0
146.33839072701576,376.0
146.331851999402,375.0
146.35954907501247,374.0
146.37749738322657,373.0
146.37279419969914,372.0
146.39985071979652,371.0
146.4205195731892,370.0
146.41810158522313,369.0
146.44457850488817,368.0
146.46773223940272,367.0
146.46791560635282,366.0
146.49381314095237,365.0
146.51910587190272,364.0
146.52206259103406,363.0
146.54718126091086,362.0
146.5738972438336,361.0
146.57931451017478,360.0
146.60294598175537,359.0
146.62975405148532,358.0
146.63648609538393,357.0
146.6569179527979,356.0
146.6813001179702,355.0
146.68664911817015,354.0
146.70039389754783,353.0
146.71793940198071,352.0
146.71685181157082,351.0
146.71767406825012,350.0
146.72106439968314,349.0
146.7053015900714,348.0
146.6833345024342,347.0
146.6613859008422,346.0
146.61993251796937,345.0
146.56344912092192,344.0
146.5034866663195,343.0
146.42895619294927,342.0
146.33895031209366,341.0
146.2490756697496,340.0
146.16651492233166,339.0
146.09745155228617,338.0
146.0583963327801,337.0
146.0649490091751,336.0
146.12382501925708,335.0
146.23432025245236,334.0
146.38901954380987,333.0
146.57499478164004,332.0
146.7775753045675,331.0
146.98393383345433,330.0
147.0,329.92299262543895
147.22236786869237,329.0
147.45202938476075,328.0
147.66598500056028,327.0
147.86279847209468,326.0
148.0,325.2431532482929
148.05113909122812,325.0
148.24839074450347,324.0
148.42903309826247,323.0
148.59489642019363,322.0
148.7478121067657,321.0
148.88945023118552,320.0
149.0,319.16424125515107

89.0,143.61279751150678
88.97123012127057,144.0
88.89611849148163,145.0
88.82325659198874,146.0
88.74752309705838,147.0
88.6525630238973,148.0
88.5067725802967,149.0
88.27270732936012,150.0
88.0,150.85859122654335
87.9489410503418,151.0
87.46406136340126,152.0
87.0,152.62558674799192
86.67236014972653,153.0
86.0,153.39642405061556
85.34295072121398,154.0
85.0,154.2935159276436
84.21799018631403,155.0
84.0,155.1404676231108
83.0,155.73233718461117
82.65029027024352,156.0
82.0,156.40942782254396
81.19336938584252,157.0
81.0,157.0930260447301
80.0,157.7104552950286
79.60955224163446,158.0
79.0,158.35185144786044
78.11387065533914,159.0
78.0,159.06562024424198
77.0,159.71477311255387
76.62048074007761,160.0
76.0,160.3769335208828
75.17973285041805,161.0
75.0,161.1038594177844
74.0,161.79880617228662
73.73637503446852,162.0
73.0,162.44837252002117
72.27850560603557,163.0
72.0,163.17700156393923
71.0,163.89002199876396
70.85488694944897,164.0
70.0,164.5388409559432
69.38447369700889,165.0
69.0,165.2201249643074
68.0,165.98196004698056
67.97579479933017,166.0
67.0,166.58016609300412
66.4435779761561,167.0
66.0,167.27068867716665
65.01854372524394,168.0
65.0,168.01093614963688
64.0,168.6279564721986
63.494053326222634,169.0
63.0,169.29194264278397
62.04837743501005,170.0
62.0,170.02601196331807
61.0,170.6379618186361
60.50535246504186,171.0
60.0,171.28563103138708
59.03935794816266,172.0
59.0,172.02448781417732
58.0,172.6165723684045
57.47311577089068,173.0
57.0,173.28561451389467
56.012269773495966,174.0
56.0,174.00660075668443
55.0,174.60960941182387
54.457989469327806,175.0
54.0,175.26183239659844
53.009954599546234,176.0
53.0,176.0058723604844
52.0,176.60726156321655
51.46810727594952,177.0
51.0,177.28589605882354
50.05273111192278,178.0
50.0,178.03406741570782
49.0,178.6811328281487
48.572371850269185,179.0
48.0,179.37205624700385
47.16486632777575,180.0
47.0,180.10028741227427
46.0,180.79841031094963
45.71972298696206,181.0
45.0,181.4313661836333
44.21873997872305,182.0
44.0,182.13605476345805
43.0,182.75033721150643
42.61739999453888,183.0
42.0,183.3408006551023
41.0,183.93492874889782
40.88121550399256,184.0
40.0,184.3974244568126
39.0,184.87174127490235
38.68733164292805,185.0
38.0,185.2130665560894
37.0,185.5141171333989
36.0,185.68299956965132
35.0,185.74547517846167
34.0,185.5962948842764
33.0,185.13873979085844
32.80597836497566,185.0
32.0,184.18889230892194
31.855560764803027,184.0
31.224044854870076,183.0
31.0,182.59657605727335
30.718185983991486,182.0
30.27670926480478,181.0
30.0,180.3420186786031
29.874409108956666,180.0
29.522774183036116,179.0
29.17729437841512,178.0
29.0,177.46948386631684
28.862363785806245,177.0
28.578897189107614,176.0
28.300892286132495,175.0
28.029504225615778,174.0
28.0,173.8853833479928
27.80153076889514,173.0
27.585300435785896,172.0
27.377570800086843,171.0
27.179562662857858,170.0
27.0,169.03990266971186
26.99359386027404,169.0
26.845854220332047,168.0
26.708585910361514,167.0
26.582376474292673,166.0
26.467646439262747,165.0
26.364665390900665,164.0
26.273576160178845,163.0
26.19442452789587,162.0
26.127190576748795,161.0
26.071818861385925,160.0
26.02824697811992,159.0
26.0,158.11190464036264
25.997031817435428,158.0
25.980344044284436,157.0
25.973468473095906,156.0
25.976499151445193,155.0
25.989589058763915,154.0
26.0,153.55490992477752
26.015566646500695,153.0
26.056306304274155,152.0
26.110064503964846,151.0
26.1772350030124,150.0
26.258218439052644,149.0
26.353392653249653,148.0
26.46307688989848,147.0
26.58748997616284,146.0
26.726704570627923,145.0
26.88059828025894,144.0
27.0,143.29445204474032
27.05780369849386,143.0
27.273315148685697,142.0
27.50409217844785,141.0
27.74866708613428,140.0
28.0,139.02069618096294
28.00601753123507,139.0
28.31809555928546,138.0
28.639018241642397,137.0
28.965397252552652,136.0
29.0,135.89905857390255
29.341989224798834,135.0
29.723322926685846,134.0
30.0,133.2751305703358
30.115165633158124,133.0
30.541374502170523,132.0
30.95436827515114,131.0
31.0,130.89100323390096
31.405792739972902,130.0
31.843504856495734,129.0
32.0,128.63702850582672
32.29789543909273,128.0
32.74952731415735,127.0
33.0,126.42357434359185
33.19969150393169,126.0
33.65781683502914,125.0
34.0,124.20895055428424
34.09832024846559,124.0
34.559873738072056,123.0
34.99039715876728,122.0
35.0,121.97740511885794
35.45535995313514,121.0
35.892945629205016,120.0
36.0,119.74995656458715
36.35338455218264,119.0
36.805812969146125,118.0
37.0,117.5611568707179
37.27467186378338,117.0
37.75591264381897,116.0
38.0,115.48849411126987
38.26030132230084,115.0
38.79972274087819,114.0
39.0,113.64076653751802
39.407177361615936,113.0
40.0,112.12872689478714
40.10245470372102,112.0
41.0,111.01935161730142
41.021839021909315,111.0
42.0,110.30978450226026
42.61984689524431,110.0
43.0,109.86397917442959
44.0,109.65753903070478
45.0,109.57813083230218
46.0,109.56475358663577
47.0,109.55153168480577
48.0,109.48118659603574
49.0,109.31587660621355
50.0,109.03767206588985
50.10845119991806,109.0
51.0,108.76704895284284
52.0,108.42732756516116
53.0,108.019155471513
53.04748097834825,108.0
54.0,107.70487897865674
55.0,107.36192521084232
55.94377254182015,107.0
56.0,106.98405478850417
57.0,106.72410774388126
58.0,106.4772746401103
59.0,106.21147240000063
59.95835901927513,106.0
60.0,105.99301535369497
61.0,105.92117955332452
62.0,105.91549413417444
63.0,105.99814639483138
63.00930441904021,106.0
64.0,106.25306124079817
65.0,106.6117479931894
65.9450113499842,107.0
66.0,107.02580933119566
67.0,107.57065848959839
67.76460304090305,108.0
68.0,108.14608854422778
69.0,108.8293548885776
69.22599013236358,109.0
70.0,109.61938582564224
70.43419452597021,110.0
71.0,110.50983593167037
71.48906544690405,111.0
72.0,111.51347571028155
72.42595929148727,112.0
73.0,112.63345856958195
73.29069893387428,113.0
74.0,113.85148961731404
74.10439350269019,114.0
74.85354931891972,115.0
75.0,115.18953523865981
75.53335933554185,116.0
76.0,116.638195371409
76.22265641703306,117.0
76.91575216144103,118.0
77.0,118.12064446595552
77.51682143297032,119.0
78.0,119.70102069669535
78.17629950032382,120.0
78.82020435173558,121.0
79.0,121.26441696318712
79.42986653117674,122.0
80.0,122.82053665312992
80.10898589393064,123.0
80.75324849792356,124.0
81.0,124.34996471611726
81.4144969443123,125.0
82.0,125.8038724792927
82.12893573277675,126.0
82.83900502724245,127.0
83.0,127.2181088094307
83.55018082546577,128.0
84.0,128.59811003587188
84.28499679913855,129.0
85.0,129.92869023186313
85.05460000134288,130.0
85.77507976298845,131.0
86.0,131.32257335097816
86.45272265135158,132.0
87.0,132.80984595083106
87.12750120574019,133.0
87.70942957243756,134.0
88.0,134.57795252440192
88.19775382930302,135.0
88.57275719491648,136.0
88.86200413643769,137.0
89.0,137.7322504478535
89.0442676867005,138.0
89.12984950354398,139.0
89.15586514822277,140.0
89.13944712778697,141.0
89.09612649887103,142.0
89.03859757086393,143.0
89.0,143.61279751150678

45.0,282.10112796657484
44.05393357074535,283.0
44.0,283.0289273559038
43.0,283.7694218900831
42.69687702313864,284.0
42.0,284.37838246923684
41.0,284.95291838432433
40.91274112299472,285.0
40.0,285.3567063242529
39.0,285.763248206586
38.38263891884083,286.0
38.0,286.1009024332696
37.0,286.32902017494615
36.0,286.5353957626352
35.0,286.6951934499727
34.0,286.7892305335202
33.0,286.79616001445635
32.0,286.6890797679298
31.0,286.43154232920483
30.04686035039446,286.0
30.0,285.96815401878064
29.0,285.032714885096
28.973129932251013,285.0
28.331919862742353,284.0
28.0,283.3675552905566
27.837589035196842,283.0
27.459105987769945,282.0
27.125905034931183,281.0
27.0,280.5669996154176
26.857708453557052,280.0
26.638064945688143,279.0
26.445445857706147,278.0
26.278630034089545,277.0
26.136489077969504,276.0
26.01789959423994,275.0
26.0,274.81155436971494
25.934364905247406,274.0
25.87178257606394,273.0
25.826307660386032,272.0
25.797004061883335,271.0
25.783011528098147,270.0
25.7835745737906,269.0
25.798065593664877,268.0
25.826003236006446,267.0
25.867067333498305,266.0
25.921111711470893,265.0
25.988176112834324,264.0
26.0,263.8517871201476
26.08401547216267,263.0
26.2000912671371,262.0
26.33490769549474,261.0
26.48997207535392,260.0
26.667220403512346,259.0
26.869086487730694,258.0
27.0,257.42599203563026
27.12815767069893,257.0
27.472696896446173,256.0
27.874623961464035,255.0
28.0,254.72781931128384
28.522130240802262,254.0
29.0,253.4509340912321
30.0,253.01389702250148
31.0,253.2030294250635
32.0,253.8429031930797
32.14572316486926,254.0
33.0,254.8384732106334
33.11650259552382,255.0
33.91145819006843,256.0
34.0,256.10287961090773
34.57284828624892,257.0
35.0,257.58806582237787
35.23045359652731,258.0
35.85631347657696,259.0
36.0,259.2141111067048
36.41393628649392,260.0
37.0,260.9512632470101
37.02384493143968,261.0
37.5352572121171,262.0
38.0,262.77615197980475
38.10775268890493,263.0
38.62814497115347,264.0
39.0,264.62503656942994
39.18208044035239,265.0
39.72303911919958,266.0
40.0,266.46074203579667
40.269677266541635,267.0
40.84267269949099,268.0
41.0,268.2581036747048
41.384029667784745,269.0
41.991583611148414,270.0
42.0,270.0138419172313
42.51776270418929,271.0
43.0,271.80299840242253
43.10235372952677,272.0
43.62962323037762,273.0
44.0,273.6607848059911
44.164610980333336,274.0
44.64232005015262,275.0
45.0,275.7502718215852
45.101751171241574,276.0
45.457828911327894,277.0
45.76136866123594,278.0
45.946646738734856,279.0
45.923479248052146,280.0
45.62090897039325,281.0
45.09156585332321,282.0
45.0,282.10112796657484

56.0,294.2237756272184
55.78429859521742,295.0
55.19008304312733,296.0
55.0,296.2669532640644
54.45890629303602,297.0
54.0,297.62803806346875
53.688949283247936,298.0
53.0,298.7430189835878
52.757467384715376,299.0
52.0,299.7462574574477
51.74403047709097,300.0
51.0,300.68996348890187
50.6762102596187,301.0
50.0,301.6138894298652
49.59229678048659,302.0
49.0,302.5389355712893
48.51444065365123,303.0
48.0,303.4743603701284
47.4507352734874,304.0
47.0,304.42128087353296
46.39901096868813,305.0
46.0,305.3749919035577
45.35077326181554,306.0
45.0,306.32704349904765
44.29429425130628,307.0
44.0,307.2681164825461
43.21760867236846,308.0
43.0,308.1908081452756
42.11197055641279,309.0
42.0,309.09348343858886
41.0,309.9674936804032
40.96247682511726,310.0
40.0,310.7604227925046
39.71475979559159,311.0
39.0,311.54301296516525
38.44154462283042,312.0
38.0,312.31826103092044
37.154026843171586,313.0
37.0,313.1117005169367
36.0,313.8396822678339
35.78141820967985,314.0
35.0,314.5252498255707
34.312275241336636,315.0
34.0,315.1739312762822
33.0,315.70469536002537
32.449522063904325,316.0
32.0,316.2468406777696
31.0,316.5132766176825
30.0,316.36397955274236
29.22259153128062,316.0
29.0,315.8436203506254
28.213989271639225,315.0
28.0,314.7073781530656
27.59260199948819,314.0
27.107202424069822,313.0
27.0,312.7181050160786
26.772992682436147,312.0
26.537045638652145,311.0
26.38437839478713,310.0
26.316994243118636,309.0
26.331301870918818,308.0
26.41957405301872,307.0
26.57146774868599,306.0
26.775419943744144,305.0
27.0,304.08438034326906
27.02392028665235,304.0
27.35430304850743,303.0
27.71331639695153,302.0
28.0,301.26482895869844
28.1176068997793,301.0
28.616270297313573,300.0
29.0,299.3200174071792
29.203857526091404,299.0
29.9697946276813,298.0
30.0,297.9697487627362
31.0,297.04157265499396
31.047169554933586,297.0
32.0,296.3815195893063
32.56645573855735,296.0
33.0,295.79579683119806
34.0,295.2764364088903
34.47933835377848,295.0
35.0,294.7909676117767
36.0,294.30986903826465
36.55024454256815,294.0
37.0,293.82249409496177
38.0,293.3320535181173
38.56502084672424,293.0
39.0,292.81846001389164
40.0,292.2708167258786
40.42880809930368,292.0
41.0,291.7352369963773
42.0,291.07666649051754
42.11227539814985,291.0
43.0,290.5032852925503
43.732774498728595,290.0
44.0,289.8569158084179
45.0,289.1032329317314
45.154375754285304,289.0
46.0,288.55511492708837
46.877046246817436,288.0
47.0,287.93309618379385
48.0,287.31459939827494
48.72851828955756,287.0
49.0,286.9076218964906
50.0,286.77043003144036
51.0,286.79237727725314
51.760704367941074,287.0
52.0,287.09054630765877
53.0,287.74689732904505
53.27747141502204,288.0
54.0,288.7406492894142
54.2021207869038,289.0
54.93699874671541,290.0
55.0,290.097210351442
55.481065332796476,291.0
55.88903429010906,292.0
56.0,292.5584184906216
56.05529759263452,293.0
56.042479868108025,294.0
56.0,294.2237756272184

53.0,91.03218827273845
52.67969508968419,92.0
52.21497053593818,93.0
52.0,93.36238822656068
51.5649056802702,94.0
51.0,94.72005163299283
50.75046400229616,95.0
50.0,95.74533032797692
49.712326240450864,96.0
49.0,96.56351281075641
48.375736950888516,97.0
48.0,97.2288953172008
47.0,97.74600482830103
46.37938835010142,98.0
46.0,98.13451814072015
45.0,98.35280434964757
44.0,98.40146467435908
43.0,98.21510699545081
42.52093474725495,98.0
42.0,97.70031771267026
41.200071567271976,97.0
41.0,96.79704549073128
40.38834698635279,96.0
40.0,95.46049680321794
39.723295333574484,95.0
39.129527204254785,94.0
39.0,93.78017166153457
38.599014774504894,93.0
38.061025430402914,92.0
38.0,91.88763588310637
37.56968708386749,91.0
37.05042974000015,90.0
37.0,89.90438320349746
36.56859428836494,89.0
36.054628633077115,88.0
36.0,87.89544038417459
35.57362857136234,87.0
35.06160565590464,86.0
35.0,85.88132089775992
34.581396534501586,85.0
34.07413966507385,84.0
34.0,83.85512509965622
33.59920333559857,83.0
33.10461392053198,82.0
33.0,81.78920922788916
32.642006706532385,81.0
32.17232301258474,80.0
32.0,79.6330561175911
31.72969088696462,79.0
31.299899379189373,78.0
31.0,77.30253667097016
30.88271630891171,77.0
30.50779276487292,76.0
30.13644264454349,75.0
30.0,74.61371370674348
29.807743718299722,74.0
29.511968894849563,73.0
29.233419533305202,72.0
29.0,71.08928340646047
28.980097273997824,71.0
28.78461159870022,70.0
28.614294664257425,69.0
28.471910900559298,68.0
28.359856076927663,67.0
28.280163977395176,66.0
28.234517238344974,65.0
28.22425896603386,64.0
28.250402230275192,63.0
28.31363516057846,62.0
28.41432010102863,61.0
28.552486046361004,60.0
28.72781452148645,59.0
28.939620321365677,58.0
29.0,57.762393563500176
29.222927064631865,57.0
29.559332628321442,56.0
29.935918799773372,55.0
30.0,54.852311322698014
30.423095707557515,54.0
30.976283318288328,53.0
31.0,52.96328231664025
31.737460840702745,52.0
32.0,51.71697159418148
32.88808166945539,51.0
33.0,50.93463842730673
34.0,50.627432934938994
35.0,50.649791240362426
36.0,50.85635514757723
36.66240382879302,51.0
37.0,51.11545503726276
38.0,51.75538702166403
38.23556825465174,52.0
39.0,52.58742878064758
40.0,52.99581451131943
40.01212377740766,53.0
41.0,53.86522042614873
41.06595565468527,54.0
42.0,54.98989229491059
42.01589839093342,55.0
43.0,55.91023464408426
43.08905197054173,56.0
43.71561859432071,57.0
44.0,57.4759851612773
44.27786172748249,58.0
44.681924173495865,59.0
44.96383794430439,60.0
45.0,60.18524934015016
45.11608957052411,61.0
45.22907040337777,62.0
45.31951822712088,63.0
45.39526814989459,64.0
45.472473851083265,65.0
45.56937832340058,66.0
45.701295420582156,67.0
45.88071164799317,68.0
46.0,68.52352533473956
46.08325453594468,69.0
46.30293134508319,70.0
46.585180812557965,71.0
46.937316183224496,72.0
47.0,72.16418086491764
47.26837728487131,73.0
47.650566082622696,74.0
48.0,74.7944486383538
48.07768451484519,75.0
48.47524745792943,76.0
48.9381478892556,77.0
49.0,77.13229846275699
49.35303250190788,78.0
49.81113997129884,79.0
50.0,79.3994506870779
50.247877067041465,80.0
50.686814975434174,81.0
51.0,81.67870604752828
51.12975191070859,82.0
51.53011884161812,83.0
51.952095068708054,84.0
52.0,84.124764114536
52.29302720212673,85.0
52.61089518318625,86.0
52.89012661279561,87.0
53.0,87.54123088395772
53.078628199625854,88.0
53.1641883569784,89.0
53.146233139571194,90.0
53.00874472851369,91.0
53.0,91.03218827273845

124.0,338.7380248111468
123.92953710990234,339.0
123.57922707112564,340.0
123.2014031697823,341.0
123.0,341.4959564722107
122.76745908287877,342.0
122.28389624528205,343.0
122.0,343.602239814
121.78722852407353,344.0
121.2450973717101,345.0
121.0,345.47770293309054
120.69430430055924,346.0
120.13569178623439,347.0
120.0,347.2510833364524
119.53623984250153,348.0
119.0,348.98284213574004
118.98940974636808,349.0
118.34998278915432,350.0
118.0,350.6277038620517
117.76318656156874,351.0
117.16009497494214,352.0
117.0,352.2849183719872
116.53707118623274,353.0
116.0,353.95682261174
115.97240710067673,354.0
115.32505846282575,355.0
115.0,355.5802089433127
114.72976685532167,356.0
114.1356154572903,357.0
114.0,357.24425349748657
113.51243288653477,358.0
113.0,358.9351581297906
112.9589376598363,359.0
112.3232405952644,360.0
112.0,360.59856111719427
111.74617142277934,361.0
111.16056635058523,362.0
111.0,362.3009764913014
110.5581572603749,363.0
110.01949105456379,364.0
110.0,364.036690667903
109.38881678880485,365.0
109.0,365.7359713988381
108.83454993332599,366.0
108.23306312273687,367.0
108.0,367.4441291734024
107.64949911801106,368.0
107.08823687152504,369.0
107.0,369.16822313394346
106.4714890923817,370.0
106.0,370.88348676416206
105.9263846730577,371.0
105.30195544465357,372.0
105.0,372.56967572385275
104.72642598191393,373.0
104.14564461980012,374.0
104.0,374.2785404386137
103.54025592275704,375.0
103.00586596076246,376.0
103.0,376.0113477700349
102.36945916140633,377.0
102.0,377.6972425997347
101.80811707255675,378.0
101.21377242718918,379.0
101.0,379.40717762257304
100.62265475298432,380.0
100.07153200100787,381.0
100.0,381.13825125621577
99.44887625111669,382.0
99.0,382.84597421876674
98.90213838531773,383.0
98.28235307360356,384.0
98.0,384.526622366924
97.695626203523,385.0
97.12290290347572,386.0
97.0,386.22996586631484
96.50028158501118,387.0
96.0,387.94149251936625
95.96260470066,388.0
95.32206267287732,389.0
95.0,389.6056540165186
94.7471485875441,390.0
94.16404343627246,391.0
94.0,391.30748461039894
93.55313955451322,392.0
93.0248387910573,393.0
93.0,393.0462818846911
92.37240897982335,394.0
92.0,394.71967372652716
91.8186087842765,395.0
91.1938663841432,396.0
91.0,396.3147328356432
90.52329892663798,397.0
90.01129256284841,398.0
90.0,398.0217361571263
89.2450677696688,399.0
89.0,399.26454287075165
88.38783214585327,400.0
88.0,400.75121265831757
87.81137880974177,401.0
87.08599188926068,402.0
87.0,402.0621657954692
86.0,402.6974928961187
85.56790362619356,403.0
85.0,403.3990203096777
84.0,403.96977498966163
83.75290652446267,404.0
83.0,404.0717283976185
82.82390106619323,404.0
82.0,403.64884684363665
81.0,403.0571035621143
80.87920112629513,403.0
80.0,402.3724155323558
79.64705991048443,402.0
79.0,401.31331306318765
78.76699871170503,401.0
78.0,400.22051889338667
77.759603218021,400.0
77.0,399.13399787500754
76.92102847521387,399.0
76.07050391878039,398.0
76.0,397.9210861582824
75.23359796012946,397.0
75.0,396.71647164439486
74.52889961167693,396.0
74.0,395.3753677061863
73.68284245886296,395.0
73.0,394.144253133759
72.91616449780075,394.0
72.18246450824644,393.0
72.0,392.770163985245
71.46204987683178,392.0
71.0,391.3922395124615
70.75501142632973,391.0
70.0,390.03840667434747
69.97353389535718,390.0
69.32249287316853,389.0
69.0,388.5780555843424
68.6084804084779,388.0
68.0,387.2031095526968
67.87485299946138,387.0
67.1398525307459,386.0
67.0,385.81913675989944
66.45319942260899,385.0
66.0,384.4138336971273
65.72057531541996,384.0
65.0,383.08823631846025
64.94179813919676,383.0
64.25043932457251,382.0
64.0,381.68113239231997
63.51861731580804,381.0
63.0,380.3264294601802
62.79794841507169,380.0
62.00367601608539,379.0
62.0,378.99526098007516
61.33786098654326,378.0
61.0,377.5602563308434
60.62404212948748,377.0
60.0,376.20622534452633
59.86360213591738,376.0
59.14400665893096,375.0
59.0,374.81481886123424
58.4279408910701,374.0
58.0,373.44456024370436
57.719183987940035,373.0
57.0,372.09286767811756
56.931689822167364,372.0
56.22168494601146,371.0
56.0,370.7143931947709
55.50925117641005,370.0
55.0,369.3556514131709
54.75953654265262,369.0
54.0,368.02391789568696
53.98376997785943,368.0
53.27162026418561,367.0
53.0,366.6472554288517
52.58301408496403,366.0
52.0,365.2575700026823
51.815425770477745,365.0
51.075250950244744,364.0
51.0,363.90083324199196
50.3987558438267,363.0
50.0,362.47889109773905
49.69079204676476,362.0
49.0,361.0825962146017
48.94651063672854,361.0
48.25392006276205,360.0
48.0,359.65856853398566
47.59228345174989,359.0
47.0,358.2224941566193
46.848558941586994,358.0
46.14182834401181,357.0
46.0,356.8105594318918
45.464841425752624,356.0
45.0,355.3885857317674
44.75037176601528,355.0
44.0,354.02087761293245
43.985762297183996,354.0
43.296903611456344,353.0
43.0,352.61202169284024
42.594408140431746,352.0
42.0,351.2451307905608
41.826590955262446,351.0
41.07174069582269,350.0
41.0,349.90768851751585
40.357879070646476,349.0
40.0,348.5410327120363
39.63883095435433,348.0
39.0,347.1861947750727
38.865996532488886,347.0
38.11777321912063,346.0
38.0,345.8449807427706
37.440195148668124,345.0
37.0,344.42851172896354
36.705989570276806,344.0
36.0,343.0485638921214
35.9708830359742,343.0
35.30067685333,342.0
35.0,341.5818654153121
34.6555223440637,341.0
34.0,340.0706795825091
33.95671019408372,340.0
33.345669009450454,339.0
33.0,338.45465302718753
32.777111196446654,338.0
32.18505790082188,337.0
32.0,336.6762277411193
31.68379143394923,336.0
31.212711292650233,335.0
31.0,334.5362122176249
30.801729459610193,334.0
30.47023317692364,333.0
30.179734485740276,332.0
30.0,331.18154008076675
29.970043078078103,331.0
29.882945408909258,330.0
29.869791953801894,329.0
29.932333987972623,328.0
30.0,327.4734772637355
30.084743869357908,327.0
30.343486364228717,326.0
30.70803046399308,325.0
31.0,324.51946148767894
31.360321133446213,324.0
32.0,323.36952220309416
32.329343529403154,323.0
33.0,322.23476752261513
33.262007210114724,322.0
34.0,321.5770957020663
35.0,321.21010442800787
35.36892174691699,321.0
36.0,320.76240441766606
37.0,320.0914984083781
37.150005675358656,320.0
38.0,319.6566146679417
39.0,319.0694319205578
39.10820542357014,319.0
40.0,318.53355564861795
40.824879215524376,318.0
41.0,317.91513928690307
42.0,317.3177383588529
42.46600816039351,317.0
43.0,316.70292596068015
43.99488580363483,316.0
44.0,315.99692698749914
45.0,315.4061936061456
45.57624702040014,315.0
46.0,314.7446424591771
47.0,314.03926674102235
47.05504024173583,314.0
48.0,313.41175595780857
48.559327362465126,313.0
49.0,312.71502976343146
49.92886860838266,312.0
50.0,311.9509000237529
51.0,311.19827795857304
51.23724728175874,311.0
52.0,310.3868794044689
52.431512665335525,310.0
53.0,309.48962538475337
53.50673186195394,309.0
54.0,308.50132557903765
54.480335324817155,308.0
55.0,307.40614403473785
55.35995177035911,307.0
56.0,306.17254189678675
56.14157072725281,306.0
56.88318444661219,305.0
57.0,304.81285190655
57.59090357240036,304.0
58.0,303.283507240915
58.19489673143345,303.0
58.793679742419705,302.0
59.0,301.5263231825234
59.33298102155517,301.0
59.920507709153526,300.0
60.0,299.82788868475444
60.51347701844745,299.0
60.88859730778224,298.0
61.0,297.75470935990717
61.644442278388134,297.0
62.0,296.69768323652124
62.840669726643384,296.0
63.0,295.85125762478435
64.0,295.3274006206384
65.0,295.1848551803767
66.0,295.4292909541575
67.0,295.8879216386154
67.26454538241538,296.0
68.0,296.42817004313514
68.62459754111151,297.0
69.0,297.30445716629976
69.90096166993872,298.0
70.0,298.0740241600435
71.0,298.82057716181816
71.13406037620348,299.0
72.0,299.79460158471426
72.37967103083965,300.0
73.0,300.46887278651565
73.65771973665773,301.0
74.0,301.2781385100964
75.0,301.92799071941806
75.14608886574844,302.0
76.0,302.6537891334957
76.58515482436039,303.0
77.0,303.2920972766166
78.0,303.87216721174156
78.20992294133816,304.0
79.0,304.5512391159648
80.0,304.9950531528189
80.00836849716593,305.0
81.0,305.68554975532993
81.80251216599902,306.0
82.0,306.1217779693266
83.0,306.7544801829712
83.67519580059786,307.0
84.0,307.1942533998153
85.0,307.78961984775407
85.603189105431,308.0
86.0,308.23285506943546
87.0,308.8073286615176
87.56427692369809,309.0
88.0,309.2529650330843
89.0,309.8161735209061
89.54368608180016,310.0
90.0,310.2633976125899
91.0,310.82047585008814
91.53317366772049,311.0
92.0,311.2685121928489
93.0,311.82185654177187
93.53010808340863,312.0
94.0,312.2693334148507
95.0,312.81998916591215
95.53641945873588,313.0
96.0,313.2643548568767
97.0,313.8128267685423
97.55815215650321,314.0
98.0,314.24996914795736
99.0,314.796612592144
99.60477746343344,315.0
100.0,315.2211673703721
101.0,315.7655789352186
101.68833269531743,316.0
102.0,316.17229597239253
103.0,316.71163889506664
103.82022328585252,317.0
104.0,317.0984998539394
105.0,317.6250374599422
106.0,317.9988575150244
106.00553547311672,318.0
107.0,318.50112209597205
108.0,318.9501595130566
108.23551008168616,319.0
109.0,319.3636219193406
110.0,319.84720099229247
110.47473683621158,320.0
111.0,320.27473286637195
112.0,320.6471947524352
112.68742423803722,321.0
113.0,321.19380893848427
114.0,321.60505824061147
115.0,321.91504477674914
115.10162388219169,322.0
116.0,322.6596136946498
117.0,322.9471057775646
117.32908912522855,323.0
118.0,323.3340090050054
118.84791488587892,324.0
119.0,324.1286949483885
120.0,324.8129699459375
120.5267410097508,325.0
121.0,325.3934130614141
121.59537216945031,326.0
122.0,326.5636338170123
122.28769074828058,327.0
122.83039393413846,328.0
123.0,328.3955008094369
123.23037487890103,329.0
123.54367812022565,330.0
123.8208739498074,331.0
124.0,331.7316781919439
124.05640279857292,332.0
124.23157005023147,333.0
124.36333528100138,334.0
124.43417709728467,335.0
124.42871050564861,336.0
124.33980051740609,337.0
124.17270645291005,338.0
124.0,338.7380248111468

110.0,187.57355871730607
109.82307591188906,188.0
109.35022529571793,189.0
109.0,189.72071227460907
108.860272870958,190.0
108.328019010692,191.0
108.0,191.6357240096252
107.80348697048068,192.0
107.26224235754063,193.0
107.0,193.50883112431384
106.72972611647666,194.0
106.20031002974439,195.0
106.0,195.3967708367568
105.6682333668257,196.0
105.15157910543007,197.0
105.0,197.3043889885653
104.61699203908898,198.0
104.10604067509395,199.0
104.0,199.21203278235015
103.56045011797684,200.0
103.04787352001425,201.0
103.0,201.09357820160605
102.48052150428025,202.0
102.0,202.91571775526376
101.95081569602696,203.0
101.35944053019846,204.0
101.0,204.64854080359547
100.78359337418863,205.0
100.17698513734724,206.0
100.0,206.29586519897242
99.5352815614128,207.0
99.0,207.84102233981335
98.89039913021814,208.0
98.19005317203772,209.0
98.0,209.27216337560222
97.4630756069952,210.0
97.0,210.64297273602224
96.73443981709157,211.0
96.0176679408682,212.0
96.0,212.0247466090145
95.2920402131988,213.0
95.0,213.4437491270337
94.62368906044127,214.0
94.0296854786362,215.0
94.0,215.05446106125345
93.44426913997735,216.0
93.0,216.91760266715622
92.95577405050142,217.0
92.4554193481125,218.0
92.0299964945842,219.0
92.0,219.07391127847666
91.5629857100882,220.0
91.12738016554655,221.0
91.0,221.29234319395107
90.64652073620772,222.0
90.1543628244098,223.0
90.0,223.3043999982635
89.60729506528524,224.0
89.05225031755397,225.0
89.0,225.08996126354265
88.42682183462851,226.0
88.0,226.70696715535476
87.81032613177916,227.0
87.16817819559574,228.0
87.0,228.26834340810967
86.50926002785192,229.0
86.0,229.81087642209317
85.87374868926673,230.0
85.2149862859426,231.0
85.0,231.34383598778166
84.568138194746,232.0
84.0,232.96468980224836
83.97804064889763,233.0
83.37646055728038,234.0
83.0,234.75584056015063
82.86570671737404,235.0
82.36451904833694,236.0
82.0,236.87966408409255
81.94191197939864,237.0
81.48362012578202,238.0
81.07822695079506,239.0
81.0,239.1944756730192
80.61740595289933,240.0
80.16654801768719,241.0
80.0,241.37391095468678
79.67693229304611,242.0
79.18234921679459,243.0
79.0,243.38218939911727
78.65757889065947,244.0
78.13353401958027,245.0
78.0,245.25906583750466
77.55071390405266,246.0
77.0,246.94815801467544
76.96537426221253,247.0
76.25767110018691,248.0
76.0,248.3471807496587
75.47764908190383,249.0
75.0,249.56835060198833
74.63990119794558,250.0
74.0,250.78156606957626
73.82600524169698,251.0
73.08769355203319,252.0
73.0,252.1346939554241
72.41269899136661,253.0
72.0,253.76393298992468
71.85860950470925,254.0
71.32994163533647,255.0
71.0,255.769451792931
70.88273005623807,256.0
70.41403600963439,257.0
70.00945168885556,258.0
70.0,258.02342386742606
69.52281516492233,259.0
69.07959404462639,260.0
69.0,260.1793531013555
68.56040807888972,261.0
68.0586947411842,262.0
68.0,262.1145770903296
67.46504781162913,263.0
67.0,263.8553714713404
66.90606878004267,264.0
66.25949086324043,265.0
66.0,265.4242221858037
65.57893808390465,266.0
65.0,266.84675877305966
64.87330142297593,267.0
64.06707636669672,268.0
64.0,268.0848304250994
63.09544981793938,269.0
63.0,269.0963641856558
62.0,269.862849464795
61.74623786006434,270.0
61.0,270.36755641674796
60.0,270.63800846769703
59.0,270.67744865317513
58.0,270.4876209514474
57.0,270.0897251497232
56.85441189004552,270.0
56.0,269.43220135158276
55.50024020552149,269.0
55.0,268.5512869855054
54.5101021696337,268.0
54.0,267.42764061303774
53.69170163207955,267.0
53.0,266.081487465045
52.95014248936096,266.0
52.33363999815122,265.0
52.0,264.4933130731124
51.73445589446034,264.0
51.15168701783335,263.0
51.0,262.74763870939455
50.63048412211305,262.0
50.072421346032115,261.0
50.0,260.87236928632234
49.5908086117151,260.0
49.04937166742425,259.0
49.0,258.9100693275464
48.58497183990642,258.0
48.05330686008377,257.0
48.0,256.90141161770026
47.59307671909946,256.0
47.0647117940468,255.0
47.0,254.88012279595526
46.60084212079752,254.0
46.068787512974325,253.0
46.0,252.87373974995694
45.59666822301068,252.0
45.05295173499787,251.0
45.0,250.90446728585664
44.57045200379096,250.0
44.00644421669751,249.0
44.0,248.98861957720555
43.513776833644215,248.0
43.0,247.113742789703
42.942947130134336,247.0
42.421361397598865,246.0
42.0,245.28870603827133
41.84911785027896,245.0
41.29320642028155,244.0
41.0,243.50953028368693
40.72680988106126,243.0
40.13899370593632,242.0
40.0,241.76518577886037
39.58872166633638,241.0
39.0,240.01865835027624
38.98978311450775,240.0
38.459966480306825,239.0
38.0,238.19389790715587
37.89855720356919,238.0
37.38905322021409,237.0
37.0,236.2589277867599
36.87390390491415,236.0
36.413771638330324,235.0
36.0,234.09813207434038
35.958582202153984,234.0
35.578075703179074,233.0
35.2090347680232,232.0
35.0,231.381301159612
34.882831904418204,231.0
34.60700679134492,230.0
34.35063294523513,229.0
34.112227107706495,228.0
34.0,227.49088094605548
33.903601324783686,227.0
33.7182360366047,226.0
33.53666980737713,225.0
33.35546847145153,224.0
33.17188938945322,223.0
33.0,222.08248541160566
32.986237919624344,222.0
32.81881740260892,221.0
32.64607879092945,220.0
32.4688760250856,219.0
32.28883166641003,218.0
32.108229464539995,217.0
32.0,216.38624708959216
31.938702482472472,216.0
31.787055822819397,215.0
31.642618734580505,214.0
31.508669841929443,213.0
31.388427578626377,212.0
31.284922252395088,211.0
31.200889014238008,210.0
31.13868314504886,209.0
31.100216690203283,208.0
31.08691461396283,207.0
31.099689924274116,206.0
31.138941011797495,205.0
31.204580947500176,204.0
31.296117789864105,203.0
31.41281727962859,202.0
31.553995420860886,201.0
31.7195105757125,200.0
31.910558089265702,199.0
32.0,198.60092748108013
32.151160499634074,198.0
32.45082895825765,197.0
32.81627095184754,196.0
33.0,195.61814322506243
33.329161917320484,195.0
34.0,194.09609627874514
34.074065785578014,194.0
35.0,193.13872827623464
35.15022508957475,193.0
36.0,192.48221695955164
36.829699543859064,192.0
37.0,191.95345797136645
38.0,191.50192024079698
38.78078261735062,191.0
39.0,190.89972020117239
40.0,190.53835175432076
40.92435562110205,190.0
41.0,189.9701055336024
42.0,189.46795272575542
42.79096562004034,189.0
43.0,188.92957505447689
44.0,188.37495941947472
44.55016381848846,188.0
45.0,187.78646208188042
46.0,187.1315103680287
46.18180404102718,187.0
47.0,186.52510131692992
47.725610739973256,186.0
48.0,185.8439012152378
49.0,185.13345207699734
49.178375808983105,185.0
50.0,184.49990474063299
50.652417786566716,184.0
51.0,183.78637571110866
52.0,183.020110400001
52.026110303143994,183.0
53.0,182.37447576879268
53.48353357497913,182.0
54.0,181.66204135933222
54.85780682833392,181.0
55.0,180.9138432446727
56.0,180.2029164192849
56.26449015361125,180.0
57.0,179.53822194973876
57.69641692854055,179.0
58.0,178.8130208905138
59.0,178.06850349920103
59.09040077290743,178.0
60.0,177.43720735363738
60.578938069593875,177.0
61.0,176.73516703530794
61.985542739005766,176.0
62.0,175.9922463813336
63.0,175.3685028698894
63.50091450775401,175.0
64.0,174.71821299494297
64.95026321332233,174.0
65.0,173.9695521177835
66.0,173.37294829800987
66.5072587986842,173.0
67.0,172.7033345454112
67.9701779130889,172.0
68.0,171.98315367748407
69.0,171.37845720788454
69.53012570099578,171.0
70.0,170.73231508329033
71.0,170.00201684033797
71.00288096727897,170.0
72.0,169.4299583127364
72.60267596827043,169.0
73.0,168.77828758538027
74.0,168.08305714129125
74.11956178459096,168.0
75.0,167.5032502067486
75.71330838176517,167.0
76.0,166.83143702266202
77.0,166.1844565490407
77.26775650587348,166.0
78.0,165.57529420264405
78.8196541510471,165.0
79.0,164.90109928365592
80.0,164.2573602513833
80.36993476128887,164.0
81.0,163.6360546211099
81.86871218056747,163.0
82.0,162.91432687744273
83.0,162.28110510517948
83.39827141130336,162.0
84.0,161.5999540489316
84.85713286539472,161.0
85.0,160.92379717332375
86.0,160.30809600117058
86.46985745054876,160.0
87.0,159.6423973600909
88.0,159.1605847505553
88.40577551835638,159.0
89.0,158.79132285372927
90.0,158.4857973667428
91.0,158.5300592877656
92.0,158.97912021875652
92.0285009841176,159.0
93.0,159.83398719562368
93.15206798326449,160.0
94.0,160.9878434654411
94.0089714108242,161.0
94.72550947829352,162.0
95.0,162.38016762694522
95.4026999159554,163.0
96.0,163.88249134543264
96.07274974500876,164.0
96.71064404055733,165.0
97.0,165.42808893314623
97.36144639701244,166.0
98.0,166.93111043834017
98.04475717212522,167.0
98.72880674337802,168.0
99.0,168.36747922600026
99.45486593097935,169.0
100.0,169.69877389763928
100.23363583736997,170.0
101.0,170.91881578032806
101.06893346983287,171.0
101.96220155824834,172.0
102.0,172.04122499119856
102.92453638083579,173.0
103.0,173.0772949415981
103.9658418808694,174.0
104.0,174.03322018445527
105.0,174.93787938857054
105.07556064028695,175.0
106.0,175.81578439252192
106.22919277255903,176.0
107.0,176.6893818464446
107.3724588909716,177.0
108.0,177.60330656423469
108.42651257474606,178.0
109.0,178.63892147274214
109.32078320124869,179.0
110.0,179.9641896785799
110.02389860082027,180.0
110.51397885989522,181.0
110.82942422957011,182.0
110.97785963104135,183.0
110.97112999660969,184.0
110.82705620141485,185.0
110.57035650729337,186.0
110.23229770002088,187.0
110.0,187.57355871730607

118.0,97.81983378986742
117.97668764523024,98.0
117.82414145641545,99.0
117.65305530059966,100.0
117.46638745145165,101.0
117.2669669321145,102.0
117.05744815436564,103.0
117.0,103.25891821502331
116.8117676014695,104.0
116.54832358736434,105.0
116.27938185619817,106.0
116.00678844906679,107.0
116.0,107.02395171628939
115.68502984950925,108.0
115.359515449263,109.0
115.03238162026605,110.0
115.0,110.09587278047051
114.65400197036766,111.0
114.26793506054749,112.0
114.0,112.68328006419912
113.86010074681971,113.0
113.40495263500658,114.0
113.0,114.87682155025566
112.93628832449687,115.0
112.39717903328236,116.0
112.0,116.71733652102175
111.8258135925063,117.0
111.18133330276943,118.0
111.0,118.26753081504299
110.45174600163594,119.0
110.0,119.57142503163085
109.6292738914919,120.0
109.0,120.6813939762724
108.68162473329674,121.0
108.0,121.63351341352725
107.57897236963335,122.0
107.0,122.46536730030662
106.30004213500708,123.0
106.0,123.210968588423
105.0,123.88296506164652
104.81587385754807,124.0
104.0,124.47755308900666
103.06931110286483,125.0
103.0,125.03565951266658
102.0,125.50420969602469
101.0,125.93084625905537
100.80722933840411,126.0
100.0,126.25812477223147
99.0,126.5013401996251
98.0,126.64437746587879
97.0,126.6600113710846
96.0,126.52491204878417
95.0,126.2303966409308
94.50500532430591,126.0
94.0,125.75268220016187
93.0,125.10868322322479
92.8685394925111,125.0
92.0,124.28386482145794
91.71291780162883,124.0
91.0,123.32529793381593
90.70675228032273,123.0
90.0,122.25894483791062
89.79025943264637,122.0
89.0,121.10740954634504
88.91817193886611,121.0
88.10858838899075,120.0
88.0,119.87274175595054
87.35627653827139,119.0
87.0,118.56117736589613
86.61000655290206,118.0
86.0,117.21769063866233
85.85433326989259,117.0
85.13072493266098,116.0
85.0,115.82613469764819
84.47095546501895,115.0
84.0,114.35650145272155
83.7766160814536,114.0
83.09066399286979,113.0
83.0,112.87081530080287
82.47593875724937,112.0
82.0,111.30940558021786
81.81959954899615,111.0
81.19051568958069,110.0
81.0,109.71114121519533
80.59312476646,109.0
80.0,108.0810590662548
79.95589382219727,108.0
79.4117118861907,107.0
79.0,106.31371920264779
78.83743886099614,106.0
78.32226588996728,105.0
78.0,104.38676926757691
77.82672087400971,104.0
77.39403053263517,103.0
77.0,102.09510832717746
76.96577729828847,102.0
76.64024626065905,101.0
76.30651170438766,100.0
76.0,99.12761168561875
75.9642872839918,99.0
75.66743431642948,98.0
75.3080274866649,97.0
75.0,96.27463286952411
74.90058531152546,96.0
74.48801661360974,95.0
74.0,94.02016960590713
73.9909459180514,94.0
73.53428996420682,93.0
73.0189854172974,92.0
73.0,91.96220919325032
72.57118252083406,91.0
72.0914042078594,90.0
72.0,89.81228066995507
71.66063082722366,89.0
71.18624399822222,88.0
71.0,87.64124014124914
70.70809044684823,87.0
70.17458981998385,86.0
70.0,85.69877023398524
69.63072183375787,85.0
69.02002524782738,84.0
69.0,83.96785603719782
68.4439212300237,83.0
68.0,82.3072557844202
67.81968398388932,82.0
67.19639765899534,81.0
67.0,80.69898120347378
66.58221128734296,80.0
66.0,79.11524514534726
65.9308257403982,79.0
65.31708368525548,78.0
65.0,77.51448125649351
64.69291339313497,77.0
64.05549226444803,76.0
64.0,75.91142219940772
63.48269095388739,75.0
63.0,74.19972528521993
62.8927517439468,74.0
62.36754938534729,73.0
62.0,72.31664030457468
61.85251291276036,72.0
61.39910497575918,71.0
61.0,70.13833296793592
60.94623068364828,70.0
60.57863681330399,69.0
60.20097121188909,68.0
60.0,67.45269677401454
59.86351610024349,67.0
59.575357918409736,66.0
59.300330514063816,65.0
59.075270551252025,64.0
59.0,63.184155333239644
58.98595492435787,63.0
59.0,62.90359882453981
59.19942978444179,62.0
60.0,61.251878604428036
60.406965596192066,61.0
61.0,60.88878800324144
62.0,60.61901101249928
63.0,60.758325167448184
64.0,60.831426488944146
65.0,60.66670134444817
66.0,60.936630061009424
66.34720899993243,61.0
67.0,61.22114898151655
68.0,61.14081207716137
69.0,61.64238620191634
70.0,61.97483574353414
71.0,61.968444120385755
71.09447930154568,62.0
72.0,62.53723096886429
73.0,62.98636285963813
73.63624813424161,63.0
74.0,63.050202262311394
75.0,63.64913492780434
75.5909478845602,64.0
76.0,64.25439018834705
77.0,64.40454579548582
78.0,64.94633345901507
78.06788852192261,65.0
79.0,65.63548338647244
80.0,65.78419496939573
80.29552572109195,66.0
81.0,66.52565222489136
82.0,66.90854844232946
82.39089710275233,67.0
83.0,67.36437093871378
84.0,67.9318431936597
84.32701820585088,68.0
85.0,68.37366197706037
86.0,68.92689986169997
86.26559968176718,69.0
87.0,69.42483100396626
88.0,69.92813728144436
88.22872995149841,70.0
89.0,70.45306873122848
90.0,70.92984501910587
90.2181369750335,71.0
91.0,71.4560418721264
92.0,71.92210085612935
92.24388031792247,72.0
93.0,72.43524519529296
94.0,72.90107737331105
94.31380657320835,73.0
95.0,73.3885742370031
96.0,73.86380334656265
96.44432021713479,74.0
97.0,74.30644195068142
98.0,74.80255098818105
98.68128982679757,75.0
99.0,75.16775112254257
100.0,75.69806465320625
101.0,75.97434711456647
101.07502873589455,76.0
102.0,76.50652931745343
103.0,76.83067167298063
103.68523225916297,77.0
104.0,77.14774797466617
105.0,77.60292426537495
106.0,77.79665505944548
106.73431493606058,78.0
107.0,78.12113322818944
108.0,78.48890996680306
109.0,78.63338272995972
110.0,78.93636160079436
110.2965630453243,79.0
111.0,79.28821841126118
112.0,79.48179175011698
113.0,79.81097519002682
113.43751593333353,80.0
114.0,80.3730406568545
115.0,80.95226069601716
115.07718836884209,81.0
115.96244105856947,82.0
116.0,82.06223655298393
116.49273368017262,83.0
116.9106881920767,84.0
117.0,84.260651633978
117.22355710735111,85.0
117.48415953860676,86.0
117.71132174062471,87.0
117.90600949504308,88.0
118.0,88.58846476719984
118.05767455651923,89.0
118.16621364702972,90.0
118.24395821499738,91.0
118.2904712403783,92.0
118.30614943401295,93.0
118.29214044849407,94.0
118.25020004780836,95.0
118.18253279805626,96.0
118.09164139497456,97.0
118.0,97.81983378986742

127.0,307.0760995955638
126.84252256573185,308.0
126.65608161843757,309.0
126.454120748372,310.0
126.23706429709404,311.0
126.00555124635936,312.0
126.0,312.02188832825163
125.71622643184098,313.0
125.407831901626,314.0
125.0804832572743,315.0
125.0,315.2241080856888
124.67549700558374,316.0
124.20703112794494,317.0
124.0,317.37528920336257
123.56034455498694,318.0
123.0,318.57713329806654
122.24545848401524,319.0
122.0,319.0696448775608
121.0,319.13316330576765
120.0,319.1396782244216
119.18944186823074,319.0
119.0,318.95201500093395
118.0,318.40463819966016
117.0,318.13778739957405
116.25412577721461,318.0
116.0,317.9027339876573
115.0,317.27618527986374
114.0,317.000243296334
113.99876897137877,317.0
113.0,316.5211809661553
112.0,316.04002452415574
111.82726739179134,316.0
111.0,315.59969909622845
110.0,315.12955542155424
109.64473782427517,315.0
109.0,314.6475188695572
108.0,314.2120533753581
107.49854319199595,314.0
107.0,313.71427880351087
106.0,313.2669200887106
105.37506486653916,313.0
105.0,312.7819575616931
104.0,312.304838054216
103.27728227604439,312.0
103.0,311.8376839702012
102.0,311.3316644766602
101.20733497927314,311.0
101.0,310.8778652790412
100.0,310.34922431461
99.16281151913519,310.0
99.0,309.9034842812389
98.0,309.35881190328706
97.13893414658048,309.0
97.0,308.91714174261267
96.0,308.36183000775196
95.13132947902236,308.0
95.0,307.92122369334993
94.0,307.35923785884444
93.1374382609773,307.0
93.0,306.91707143962617
92.0,306.3512916603631
91.15714049760632,306.0
91.0,305.90453519627965
90.0,305.33717152041896
89.19317882900755,305.0
89.0,304.88159143970825
88.0,304.3146835348081
87.2518082425935,304.0
87.0,303.84365165220765
86.0,303.27968665045887
85.34307406781446,303.0
85.0,302.7827843418597
84.0,302.2259237490122
83.47938974536738,302.0
83.0,301.68738269029865
82.0,301.1461073819731
81.67020505705386,301.0
81.0,300.54394444009824
80.0,300.03788137024327
79.91363966295089,300.0
79.0,299.3432750187167
78.3430105323607,299.0
78.0,298.7521362474051
77.0,298.08357279327294
76.87615176254354,298.0
76.0,297.3114801834026
75.50604964624738,297.0
75.0,296.5543601617521
74.27745687896254,296.0
74.0,295.7467127583387
73.12476462915656,295.0
73.0,294.8627532188932
72.21735322570181,294.0
72.0,293.74514882223684
71.30374741601312,293.0
71.0,292.48942722383583
70.78017570947753,292.0
70.33142238982865,291.0
70.10109590313567,290.0
70.09446466523625,289.0
70.19674815468504,288.0
70.34753421444239,287.0
70.5267236207289,286.0
70.73720551603584,285.0
70.99549926092514,284.0
71.0,283.9864212349096
71.41321856385339,283.0
71.94269327642218,282.0
72.0,281.91660060206004
72.75917738794931,281.0
73.0,280.78837100382543
74.0,280.121048884834
74.19839566234825,280.0
75.0,279.7228969469192
76.0,279.2057532774153
76.79334602200521,279.0
77.0,278.96056226255104
77.14319211344652,279.0
78.0,279.21922553841534
79.0,279.35600569161534
80.0,279.1400340014286
80.75274794794433,279.0
81.0,278.97152456361727
81.44918239076644,279.0
82.0,279.0529456506039
82.64157574009123,279.0
83.0,278.9896329238752
84.0,278.8336347331015
85.0,278.73369181209495
86.0,278.4949045046755
87.0,278.0350815828247
87.07736935414306,278.0
88.0,277.7541721380978
89.0,277.2082775299918
89.3356574558332,277.0
90.0,276.68342346099706
90.99991571969913,276.0
91.0,275.9999503345852
92.0,275.3435008082831
92.47790962809805,275.0
93.0,274.6825514164573
93.8858498701739,274.0
94.0,273.91174248205084
95.0,273.24401995807676
95.35834106884903,273.0
96.0,272.60685420640203
96.90194942930889,272.0
97.0,271.9426275757679
98.0,271.33657428788086
98.47231046609629,271.0
99.0,270.63928986450804
99.79354551299424,270.0
100.0,269.82567416052734
100.93922192189265,269.0
101.0,268.94462111840005
102.0,268.0726178726894
102.08678882967921,268.0
103.0,267.26509697617274
103.32736176727714,267.0
104.0,266.4870049833214
104.6141371583625,266.0
105.0,265.71286775561066
105.9027986606585,265.0
106.0,264.92627593798466
107.0,264.16603750350276
107.22148041141334,264.0
108.0,263.41623038099266
108.55595945798744,263.0
109.0,262.6588495319403
109.90896089927696,262.0
110.0,261.9325189727901
111.0,261.33109519981736
111.66019777177813,261.0
112.0,260.8377879188634
113.0,260.5014803313228
114.0,260.2718271405406
115.0,260.14232821727467
116.0,260.10675961033957
117.0,260.16962204025333
118.0,260.34835929378096
119.0,260.6706653053031
119.67272165131524,261.0
120.0,261.1930427184925
121.0,261.98544480362824
121.01445921033685,262.0
121.89772670076697,263.0
122.0,263.1283260125116
122.58454597391167,264.0
123.0,264.6656816098419
123.17966744482297,265.0
123.68568260977207,266.0
124.0,266.6560896003071
124.14394667115975,267.0
124.53867203074175,268.0
124.91368762024607,269.0
125.0,269.2461583089592
125.23098043273026,270.0
125.51845295483002,271.0
125.78764006674234,272.0
126.0,272.847540022267
126.0330696778562,273.0
126.23306164264243,274.0
126.4182043791494,275.0
126.58914209019241,276.0
126.74662745601047,277.0
126.89146302959546,278.0
127.0,278.8163900132515
127.02080584855825,279.0
127.12453416041564,280.0
127.21947219402593,281.0
127.30618757764232,282.0
127.38518036168037,283.0
127.45687743200892,284.0
127.52162944813827,285.0
127.57970946656923,286.0
127.63131268502853,287.0
127.67655685018457,288.0
127.71548308211229,289.0
127.74805709569054,290.0
127.77417080658067,291.0
127.79364437242744,292.0
127.80622890805053,293.0
127.81161008782357,294.0
127.80941277361622,295.0
127.79920692993825,296.0
127.78051507606375,297.0
127.75282135327207,298.0
127.7155823026018,299.0
127.66823944935932,300.0
127.61023360833485,301.0
127.54102080704287,302.0
127.4600898134532,303.0
127.36698122283639,304.0
127.26130818098565,305.0
127.14277908392101,306.0
127.01122273524513,307.0
127.0,307.0760995955638

89.0,269.8889570124006
88.93959979075485,270.0
88.11438550738882,271.0
88.0,271.09960879500653
87.0,271.9727060208661
86.96641702975377,272.0
86.0,272.5380044470666
85.24684893828113,273.0
85.0,273.0961278024069
84.0,273.44753386821463
83.0,273.80961830701494
82.3424796401272,274.0
82.0,274.0471039868036
81.0,274.2039437328461
80.0,274.2233287634974
79.0,274.12091104300856
78.0,274.0505375564209
77.77531870120372,274.0
77.0,273.3754836755503
76.78981595578041,273.0
76.68532518230494,272.0
76.8570034392873,271.0
77.0,270.588221298352
77.24909339218623,270.0
77.80484216645303,269.0
78.0,268.70593804637065
78.55183439458797,268.0
79.0,267.4958965790406
79.50676200872346,267.0
80.0,266.57988034676947
80.76340258301937,266.0
81.0,265.8455623385269
82.0,265.2849805446936
82.60021864448437,265.0
83.0,264.84424694889367
84.0,264.5740279999798
85.0,264.46035628070007
86.0,264.5225025939985
87.0,264.7210224052134
87.71920101361934,265.0
88.0,265.1671330843712
88.85235831558724,266.0
89.0,266.19892994522763
89.44592902498444,267.0
89.60885156534938,268.0
89.40227698397148,269.0
89.0,269.8889570124006

101.0,256.48093692665816
100.65666870271322,257.0
100.0,257.7682361246477
99.78218343220455,258.0
99.0,258.6613952231526
98.55838922307805,259.0
98.0,259.3366126995551
97.0,259.8573799119535
96.61793373336518,260.0
96.0,260.1707529428882
95.0,260.28337040928716
94.0,260.16044899429784
93.45672391137734,260.0
93.0,259.81576855785005
92.0,259.2943340009657
91.57941636383472,259.0
91.0,258.38201460062743
90.74138531826804,258.0
90.16392753783836,257.0
90.0,256.5930708253041
89.80481859455418,256.0
89.63675210715742,255.0
89.62609335554767,254.0
89.77741051206203,253.0
90.0,252.27645308242836
90.11205583998095,252.0
90.69691821898279,251.0
91.0,250.58854606854575
91.55926951643521,250.0
92.0,249.61483202383758
92.95823139095438,249.0
93.0,248.977887290158
94.0,248.6668743168211
95.0,248.57000635172878
96.0,248.67812114072314
97.0,248.95034708501365
97.1178355820245,249.0
98.0,249.4429375905046
98.95152835267412,250.0
99.0,250.0342593775273
100.0,250.86524243029592
100.14795443565187,251.0
101.0,251.9784702513065
101.01678811778791,252.0
101.52613252009992,253.0
101.75402497532767,254.0
101.66039701151422,255.0
101.28749383725307,256.0
101.0,256.48093692665816

139.0,421.5761409959393
138.91915521077254,422.0
138.70781293330953,423.0
138.4791057669278,424.0
138.24748944491725,425.0
138.0083351002934,426.0
138.0,426.0312927747288
137.6084001361714,427.0
137.1998041267317,428.0
137.0,428.46303636804885
136.6789889856652,429.0
136.05197674486632,430.0
136.0,430.07328076406344
135.15272682140085,431.0
135.0,431.1456628331197
134.0,431.90761329311863
133.84632600406172,432.0
133.0,432.38840187779294
132.0,432.73786012407936
131.0,432.96767289274703
130.70481747847984,433.0
130.0,433.0484622691822
129.0,433.0454241764115
128.2729608685413,433.0
128.0,432.9744401932532
127.0,432.80069039907784
126.0,432.57854041708094
125.0,432.3297872230945
124.0,432.07829850873156
123.69406157509859,432.0
123.0,431.74126863063447
122.0,431.35810869553774
121.0,431.03802485194615
120.88127421019902,431.0
120.0,430.5887403157456
119.0,430.1627287734871
118.52535141592776,430.0
118.0,429.74055490539774
117.0,429.25879943684544
116.38853613328183,429.0
116.0,428.78768172933883
115.0,428.3017570609015
114.34430341280753,428.0
114.0,427.79776715560934
113.0,427.2509166890689
112.3828540926198,427.0
112.0,426.77653295148673
111.0,426.1891007540367
110.58960336346418,426.0
110.0,425.6394298649768
109.0,425.1149007082575
108.79762265412505,425.0
108.0,424.46619332084856
107.04490459282516,424.0
107.0,423.9710709268825
106.0,423.3034906114765
105.45801355537012,423.0
105.0,422.6887314013019
104.0,422.10435086860656
103.82534621924397,422.0
103.0,421.4113898544778
102.27040506423168,421.0
102.0,420.8092726236383
101.0,420.1378608269221
100.77660170428315,420.0
100.0,419.42930438968267
99.30993646416476,419.0
99.0,418.76600750601295
98.0,418.0656740271058
97.89478345788238,418.0
97.0,417.30254379228785
96.58134314453955,417.0
96.0,416.52438807187184
95.26913960169115,416.0
95.0,415.77217789558955
94.03781859554586,415.0
94.0,414.96592858015373
93.0,414.0882019721938
92.89394894718764,414.0
92.0,413.12892419574837
91.86387121767159,413.0
91.0,412.06967955459254
90.93628620423551,412.0
90.27130385644591,411.0
90.0,410.425464370016
89.82996181236675,410.0
89.74522527303655,409.0
89.99496571433073,408.0
90.0,407.99057521431183
90.52427277462388,407.0
90.9103951168595,406.0
91.0,405.7418225939845
91.48443682907197,405.0
92.0,404.59648792888834
92.59986585858535,404.0
93.0,403.6120988205386
93.53287570138859,403.0
94.0,402.26112257694683
94.2215578530723,402.0
95.0,401.2007228387961
95.18854998201289,401.0
96.0,400.0710303690744
96.06236640170887,400.0
96.88502200159684,399.0
97.0,398.8617288446014
97.7447364252692,398.0
98.0,397.6443856137196
98.51881576219442,397.0
99.0,396.3021870506135
99.23612638661004,396.0
99.92925162864233,395.0
100.0,394.88218280517896
100.64629944561463,394.0
101.0,393.4236319740391
101.3034387751084,393.0
101.9226627120109,392.0
102.0,391.8666822683882
102.60410982078199,391.0
103.0,390.30228304245844
103.20659619681292,390.0
103.83975527830212,389.0
104.0,388.71492100191546
104.48503735542695,388.0
105.0,387.0897879215067
105.06071148363591,387.0
105.7252431262035,386.0
106.0,385.50370668703425
106.33883583750405,385.0
106.93114642042966,384.0
107.0,383.8736868539111
107.58504086321302,383.0
108.0,382.26043410799326
108.17435996944589,382.0
108.80059809766686,381.0
109.0,380.63831895466086
109.42646296311406,380.0
109.98839011875098,379.0
110.0,378.9785180088573
110.65338527930507,378.0
111.0,377.3791637566411
111.25364274625349,377.0
111.86293079807405,376.0
112.0,375.7561717429795
112.51094651398834,375.0
113.0,374.13883761442764
113.09423993261298,374.0
113.75638744957635,373.0
114.0,372.57472280516197
114.39492679780518,372.0
114.99034710501775,371.0
115.0,370.98340787051075
115.68541331141121,370.0
116.0,369.47218731028266
116.33267186956073,369.0
116.95756802712039,368.0
117.0,367.9288737600347
117.66052964694457,367.0
118.0,366.44718313116346
118.32061490286935,366.0
118.95852973413626,365.0
119.0,364.93236821238855
119.67071440001945,364.0
120.0,363.46843459366875
120.33830312745322,363.0
120.97497578393741,362.0
121.0,361.95890064503845
121.68824338073699,361.0
122.0,360.49481546097627
122.35615285456416,360.0
122.98309747629884,359.0
123.0,358.971936363963
123.69202899117869,358.0
124.0,357.49198750487295
124.35236000003289,357.0
124.97682303015459,356.0
125.0,355.9608853546385
125.68371539345031,355.0
126.0,354.4812399494595
126.35062436001749,354.0
126.98646646918162,353.0
127.0,352.9777441415212
127.72191357668096,352.0
128.0,351.56644614463977
128.44073677954523,351.0
129.0,350.19064630559177
129.16057511103705,350.0
129.94059890348035,349.0
130.0,348.9181979907315
130.82794915071412,348.0
131.0,347.7925636064789
131.82956434796594,347.0
132.0,346.82738985628737
133.0,346.0758138568748
133.1640754544306,346.0
134.0,345.61895316895607
135.0,345.4933529877028
136.0,345.8180173300693
136.20380361456898,346.0
137.0,346.8408919002817
137.0821856553001,347.0
137.53565182684605,348.0
137.93462703220393,349.0
138.0,349.18614218948835
138.17104318119513,350.0
138.35982117102512,351.0
138.52548157425582,352.0
138.67777606117494,353.0
138.8136275164589,354.0
138.93028730682994,355.0
139.0,355.62589248079445
139.024109030254,356.0
139.08259403378602,357.0
139.12929785555917,358.0
139.18052544561084,359.0
139.227464469007,360.0
139.25951462630525,361.0
139.30203091400895,362.0
139.3418808685681,363.0
139.36363989467486,364.0
139.3998075210162,365.0
139.43543998206047,366.0
139.44971497984903,367.0
139.48086546517902,368.0
139.51402940407687,369.0
139.52269807166599,370.0
139.54960403978762,371.0
139.58139733819257,372.0
139.58575900422258,373.0
139.60879354365068,374.0
139.63984750288833,375.0
139.6408807705667,376.0
139.66028557046135,377.0
139.6910188131654,378.0
139.68950409424713,379.0
139.70538888740123,380.0
139.73600611659293,381.0
139.7325800063084,382.0
139.74501883174466,383.0
139.7756031407442,384.0
139.77075851744468,385.0
139.77971657143,386.0
139.81018647294752,387.0
139.80432679849199,388.0
139.80977212254763,389.0
139.83996296966984,390.0
139.8333997277492,391.0
139.83524860320452,392.0
139.86481044403337,393.0
139.85761851221787,394.0
139.85561082092266,395.0
139.8839161578287,396.0
139.87585435959485,397.0
139.8694604764632,398.0
139.8954384914432,399.0
139.88579145890256,400.0
139.87417703495404,401.0
139.89621199677939,402.0
139.88350521933253,403.0
139.8652384208256,404.0
139.8808005512813,405.0
139.86240052240225,406.0
139.8353110635631,407.0
139.84085033909952,408.0
139.8127790482724,409.0
139.7738945390392,410.0
139.7646152587373,411.0
139.72141713564298,412.0
139.66726136656044,413.0
139.6373947087226,414.0
139.57304293911483,415.0
139.5006775390799,416.0
139.44408326310852,417.0
139.35445060434373,418.0
139.26300862711818,419.0
139.1747566905546,420.0
139.06410379664143,421.0
139.0,421.5761409959393

123.0,215.1078792949881
122.93893022971456,216.0
122.80410874841438,217.0
122.59568422799488,218.0
122.30079704845731,219.0
122.0,219.75607026939883
121.82471294241157,220.0
121.0,220.8266328737169
120.0,220.98278330726015
119.0,220.56218500240522
118.30403202710289,220.0
118.0,219.73841426244027
117.42452737832473,219.0
117.0,218.38740163240564
116.80288041213467,218.0
116.41372435674614,217.0
116.16689267383558,216.0
116.0908200595764,215.0
116.18783927090485,214.0
116.43376298488486,213.0
116.78620263785362,212.0
117.0,211.50768316034373
117.29597295305295,211.0
117.92564778799031,210.0
118.0,209.89023389603187
118.85383442806554,209.0
119.0,208.84792796526347
120.0,208.2813715297703
121.0,208.29077939404527
121.8098856841265,209.0
122.0,209.2355106236421
122.31656333744877,210.0
122.61730438426743,211.0
122.8242104545187,212.0
122.95276111006471,213.0
123.0,213.79242919333274
123.00885843825992,214.0
123.00532319915996,215.0
123.0,215.1078792949881

